11 : 

 

	      -2       2       0 		       3      -3       1  

	       1      -3       1 		      -3       3      -1  

	       1       1      -1 		       2      -2       2  

 

  

12 : 

 

	      -2       4      -2 		       4      -6       4  

	       4      -4       2 		      -2       6      -4  

	       0       2      -2 		       0      -2       2  

 

  

13 : 

 

	      -2       6      -4 		       3      -9       7  

	       1      -5       3 		      -3       9      -7  

	      -1       1      -1 		      -2      -2       2  

 

  

14 : 

 

	      -1       7      -5 		       1     -11       9  

	      -1      -7       5 		      -2      10      -8  

	       2       0       0 		      -1      -1       1  

 

  

15 : 

 

	       1       7      -5 		      -1     -11       9  

	       1      -7       5 		       2      10      -8  

	       2       0       0 		      -1       1      -1  

 

  

16 : 

 

	       2       6      -4 		      -3      -9       7  

	      -1      -5       3 		       3       9      -7  

	      -1      -1       1 		      -2       2      -2  

 

  

17 : 

 

	       2       4      -2 		      -4      -6       4  

	      -4      -4       2 		       2       6      -4  

	       0      -2       2 		       0       2      -2  

 

  

18 : 

 

	       2       2       0 		      -3      -3       1  

	      -1      -3       1 		       3       3      -1  

	       1      -1       1 		       2       2      -2  

 

  

19 : 

 

	       1       1       1 		      -1      -1      -1  

	       1      -1      -1 		       2       2       0  

	      -2       0       0 		       1       1      -1  

 

  

21 : 

 

	      -2       2       0 		       4      -4       0  

	       2      -4       0 		      -6       6      -2  

	      -2       4      -2 		       6      -6       2  

 

  

22 : 

 

	      -3       5      -3 		       6      -8       4  

	       4      -8       4 		      -7      11      -7  

	      -5       7      -5 		       5     -11       7  

 

  

23 : 

 

	      -4       8      -6 		       5     -13       9  

	       5     -11       7 		      -5      17     -13  

	      -3       9      -7 		       4     -16      12  

 

  

24 : 

 

	      -2      10      -8 		       3     -17      13  

	       1     -13       9 		      -3      21     -17  

	       1      11      -9 		       2     -18      14  

 

  

25 : 

 

	       1      11      -9 		       0     -18      14  

	      -2     -14      10 		       1      21     -17  

	       1      11      -9 		      -3     -17      13  

 

  

26 : 

 

	       2      10      -8 		      -4     -16      12  

	      -2     -12       8 		       6      18     -14  

	       2       8      -6 		      -6     -14      10  

 

  

27 : 

 

	       3       7      -5 		      -6     -12       8  

	      -4      -8       4 		       7      13      -9  

	       5       5      -3 		      -5      -9       5  

 

  

28 : 

 

	       4       4      -2 		      -5      -7       3  

	      -5      -5       1 		       5       7      -3  

	       3       3      -1 		      -4      -4       0  

 

  

29 : 

 

	       2       2       0 		      -3      -3      -1  

	      -1      -3      -1 		       3       3       1  

	      -1       1       1 		      -2      -2      -2  

 

  

31 : 

 

	      -2       2       0 		       3      -3      -1  

	       3      -5       1 		      -9       9      -1  

	      -5       7      -1 		      10     -10       2  

 

  

32 : 

 

	      -4       4      -2 		       5      -7       3  

	       7     -11       7 		     -11      17      -9  

	      -9      13      -7 		      12     -20      12  

 

  

33 : 

 

	      -3       7      -5 		       6     -12       8  

	       8     -16      12 		      -9      27     -19  

	      -7      19     -13 		      11     -31      23  

 

  

34 : 

 

	      -2      10      -8 		       4     -16      12  

	       2     -20      16 		      -6      34     -26  

	      -2      24     -18 		       6     -38      30  

 

  

35 : 

 

	      -1      11      -9 		       0     -18      14  

	      -2     -22      18 		       1      35     -27  

	       1      25     -19 		      -3     -39      31  

 

  

36 : 

 

	       2      10      -8 		      -3     -17      13  

	      -3     -19      15 		       9      31     -23  

	       5      21     -15 		     -10     -34      26  

 

  

37 : 

 

	       4       8      -6 		      -5     -13       9  

	      -7     -13       9 		      11      23     -15  

	       9      15      -9 		     -12     -24      16  

 

  

38 : 

 

	       3       5      -3 		      -6      -8       4  

	      -8      -8       4 		       9      13      -5  

	       7       9      -3 		     -11     -13       5  

 

  

39 : 

 

	       2       2       0 		      -4      -4       0  

	      -2      -4       0 		       6       6       2  

	       2       4       2 		      -6      -6      -2  

 

  

41 : 

 

	      -1       1       1 		       1      -1      -1  

	       5      -7       1 		     -10      10       0  

	      -6       8       0 		      13     -13       1  

 

  

42 : 

 

	      -2       2       0 		       3      -3       1  

	      11     -13       7 		     -13      21     -11  

	     -11      17      -9 		      18     -26      14  

 

  

43 : 

 

	      -2       4      -2 		       4      -6       4  

	       8     -20      14 		     -14      34     -24  

	     -12      26     -18 		      16     -42      30  

 

  

44 : 

 

	      -2       6      -4 		       3      -9       7  

	       3     -27      21 		      -9      43     -33  

	      -5      33     -25 		      10     -54      42  

 

  

45 : 

 

	      -1       7      -5 		       1     -11       9  

	       1     -29      23 		       2      46     -36  

	       2      36     -28 		      -1     -57      45  

 

  

46 : 

 

	       1       7      -5 		      -1     -11       9  

	      -5     -25      19 		      10      42     -32  

	       6      32     -24 		     -13     -51      39  

 

  

47 : 

 

	       2       6      -4 		      -3      -9       7  

	     -11     -19      13 		      13      31     -21  

	      11      23     -15 		     -18     -38      26  

 

  

48 : 

 

	       2       4      -2 		      -4      -6       4  

	      -8     -12       6 		      14      18      -8  

	      12      14      -6 		     -16     -22      10  

 

  

49 : 

 

	       2       2       0 		      -3      -3       1  

	      -3      -5      -1 		       9       9       1  

	       5       7       1 		     -10     -10      -2  

 

  

51 : 

 

	       1      -1       1 		      -1       1      -1  

	       5      -7      -1 		     -10      10       0  

	      -6       8       0 		      13     -13      -1  

 