11 :
{
[ -2, 2, 0 ] [ 3, -3, 1 ]
[ 1, -3, 1 ] [ -3, 3, -1 ]
[ 1, 1, -1 ] [ 2, -2, 2 ]
};
12 :
{
[ -2, 4, -2 ] [ 4, -6, 4 ]
[ 4, -4, 2 ] [ -2, 6, -4 ]
[ 0, 2, -2 ] [ 0, -2, 2 ]
};
13 :
{
[ -2, 6, -4 ] [ 3, -9, 7 ]
[ 1, -5, 3 ] [ -3, 9, -7 ]
[ -1, 1, -1 ] [ -2, -2, 2 ]
};
14 :
{
[ -1, 7, -5 ] [ 1, -11, 9 ]
[ -1, -7, 5 ] [ -2, 10, -8 ]
[ 2, 0, 0 ] [ -1, -1, 1 ]
};
15 :
{
[ 1, 7, -5 ] [ -1, -11, 9 ]
[ 1, -7, 5 ] [ 2, 10, -8 ]
[ 2, 0, 0 ] [ -1, 1, -1 ]
};
16 :
{
[ 2, 6, -4 ] [ -3, -9, 7 ]
[ -1, -5, 3 ] [ 3, 9, -7 ]
[ -1, -1, 1 ] [ -2, 2, -2 ]
};
17 :
{
[ 2, 4, -2 ] [ -4, -6, 4 ]
[ -4, -4, 2 ] [ 2, 6, -4 ]
[ 0, -2, 2 ] [ 0, 2, -2 ]
};
18 :
{
[ 2, 2, 0 ] [ -3, -3, 1 ]
[ -1, -3, 1 ] [ 3, 3, -1 ]
[ 1, -1, 1 ] [ 2, 2, -2 ]
};
19 :
{
[ 1, 1, 1 ] [ -1, -1, -1 ]
[ 1, -1, -1 ] [ 2, 2, 0 ]
[ -2, 0, 0 ] [ 1, 1, -1 ]
};
21 :
{
[ -2, 2, 0 ] [ 4, -4, 0 ]
[ 2, -4, 0 ] [ -6, 6, -2 ]
[ -2, 4, -2 ] [ 6, -6, 2 ]
};
22 :
{
[ -3, 5, -3 ] [ 6, -8, 4 ]
[ 4, -8, 4 ] [ -7, 11, -7 ]
[ -5, 7, -5 ] [ 5, -11, 7 ]
};
23 :
{
[ -4, 8, -6 ] [ 5, -13, 9 ]
[ 5, -11, 7 ] [ -5, 17, -13 ]
[ -3, 9, -7 ] [ 4, -16, 12 ]
};
24 :
{
[ -2, 10, -8 ] [ 3, -17, 13 ]
[ 1, -13, 9 ] [ -3, 21, -17 ]
[ 1, 11, -9 ] [ 2, -18, 14 ]
};
25 :
{
[ 1, 11, -9 ] [ 0, -18, 14 ]
[ -2, -14, 10 ] [ 1, 21, -17 ]
[ 1, 11, -9 ] [ -3, -17, 13 ]
};
26 :
{
[ 2, 10, -8 ] [ -4, -16, 12 ]
[ -2, -12, 8 ] [ 6, 18, -14 ]
[ 2, 8, -6 ] [ -6, -14, 10 ]
};
27 :
{
[ 3, 7, -5 ] [ -6, -12, 8 ]
[ -4, -8, 4 ] [ 7, 13, -9 ]
[ 5, 5, -3 ] [ -5, -9, 5 ]
};
28 :
{
[ 4, 4, -2 ] [ -5, -7, 3 ]
[ -5, -5, 1 ] [ 5, 7, -3 ]
[ 3, 3, -1 ] [ -4, -4, 0 ]
};
29 :
{
[ 2, 2, 0 ] [ -3, -3, -1 ]
[ -1, -3, -1 ] [ 3, 3, 1 ]
[ -1, 1, 1 ] [ -2, -2, -2 ]
};
31 :
{
[ -2, 2, 0 ] [ 3, -3, -1 ]
[ 3, -5, 1 ] [ -9, 9, -1 ]
[ -5, 7, -1 ] [ 10, -10, 2 ]
};
32 :
{
[ -4, 4, -2 ] [ 5, -7, 3 ]
[ 7, -11, 7 ] [ -11, 17, -9 ]
[ -9, 13, -7 ] [ 12, -20, 12 ]
};
33 :
{
[ -3, 7, -5 ] [ 6, -12, 8 ]
[ 8, -16, 12 ] [ -9, 27, -19 ]
[ -7, 19, -13 ] [ 11, -31, 23 ]
};
34 :
{
[ -2, 10, -8 ] [ 4, -16, 12 ]
[ 2, -20, 16 ] [ -6, 34, -26 ]
[ -2, 24, -18 ] [ 6, -38, 30 ]
};
35 :
{
[ -1, 11, -9 ] [ 0, -18, 14 ]
[ -2, -22, 18 ] [ 1, 35, -27 ]
[ 1, 25, -19 ] [ -3, -39, 31 ]
};
36 :
{
[ 2, 10, -8 ] [ -3, -17, 13 ]
[ -3, -19, 15 ] [ 9, 31, -23 ]
[ 5, 21, -15 ] [ -10, -34, 26 ]
};
37 :
{
[ 4, 8, -6 ] [ -5, -13, 9 ]
[ -7, -13, 9 ] [ 11, 23, -15 ]
[ 9, 15, -9 ] [ -12, -24, 16 ]
};
38 :
{
[ 3, 5, -3 ] [ -6, -8, 4 ]
[ -8, -8, 4 ] [ 9, 13, -5 ]
[ 7, 9, -3 ] [ -11, -13, 5 ]
};
39 :
{
[ 2, 2, 0 ] [ -4, -4, 0 ]
[ -2, -4, 0 ] [ 6, 6, 2 ]
[ 2, 4, 2 ] [ -6, -6, -2 ]
};
41 :
{
[ -1, 1, 1 ] [ 1, -1, -1 ]
[ 5, -7, 1 ] [ -10, 10, 0 ]
[ -6, 8, 0 ] [ 13, -13, 1 ]
};
42 :
{
[ -2, 2, 0 ] [ 3, -3, 1 ]
[ 11, -13, 7 ] [ -13, 21, -11 ]
[ -11, 17, -9 ] [ 18, -26, 14 ]
};
43 :
{
[ -2, 4, -2 ] [ 4, -6, 4 ]
[ 8, -20, 14 ] [ -14, 34, -24 ]
[ -12, 26, -18 ] [ 16, -42, 30 ]
};
44 :
{
[ -2, 6, -4 ] [ 3, -9, 7 ]
[ 3, -27, 21 ] [ -9, 43, -33 ]
[ -5, 33, -25 ] [ 10, -54, 42 ]
};
45 :
{
[ -1, 7, -5 ] [ 1, -11, 9 ]
[ 1, -29, 23 ] [ 2, 46, -36 ]
[ 2, 36, -28 ] [ -1, -57, 45 ]
};
46 :
{
[ 1, 7, -5 ] [ -1, -11, 9 ]
[ -5, -25, 19 ] [ 10, 42, -32 ]
[ 6, 32, -24 ] [ -13, -51, 39 ]
};
47 :
{
[ 2, 6, -4 ] [ -3, -9, 7 ]
[ -11, -19, 13 ] [ 13, 31, -21 ]
[ 11, 23, -15 ] [ -18, -38, 26 ]
};
48 :
{
[ 2, 4, -2 ] [ -4, -6, 4 ]
[ -8, -12, 6 ] [ 14, 18, -8 ]
[ 12, 14, -6 ] [ -16, -22, 10 ]
};
49 :
{
[ 2, 2, 0 ] [ -3, -3, 1 ]
[ -3, -5, -1 ] [ 9, 9, 1 ]
[ 5, 7, 1 ] [ -10, -10, -2 ]
};
51 :
{
[ 1, -1, 1 ] [ -1, 1, -1 ]
[ 5, -7, -1 ] [ -10, 10, 0 ]
[ -6, 8, 0 ] [ 13, -13, -1 ]
};
52 :
{
[ 1, -1, 1 ] [ 0, 2, -2 ]
[ 10, -14, 6 ] [ -15, 21, -11 ]
[ -13, 17, -9 ] [ 19, -27, 13 ]
};
53 :
{
[ -1, -1, 1 ] [ 0, 2, -2 ]
[ 10, -22, 14 ] [ -15, 35, -25 ]
[ -13, 27, -19 ] [ 19, -45, 31 ]
};
54 :
{
[ -1, -1, 1 ] [ 1, 1, -1 ]
[ 5, -29, 21 ] [ -10, 46, -36 ]
[ -6, 36, -28 ] [ 13, -59, 45 ]
};
55 :
{
[ 0, 0, 0 ] [ 2, 0, 0 ]
[ 0, -32, 24 ] [ 0, 50, -40 ]
[ 0, 40, -32 ] [ 0, -64, 50 ]
};
56 :
{
[ -1, 1, -1 ] [ 1, -1, 1 ]
[ -5, -29, 21 ] [ 10, 46, -36 ]
[ 6, 36, -28 ] [ -13, -59, 45 ]
};
57 :
{
[ -1, 1, -1 ] [ 0, -2, 2 ]
[ -10, -22, 14 ] [ 15, 35, -25 ]
[ 13, 27, -19 ] [ -19, -45, 31 ]
};
58 :
{
[ 1, 1, -1 ] [ 0, -2, 2 ]
[ -10, -14, 6 ] [ 15, 21, -11 ]
[ 13, 17, -9 ] [ -19, -27, 13 ]
};
59 :
{
[ 1, 1, -1 ] [ -1, -1, 1 ]
[ -5, -7, -1 ] [ 10, 10, 0 ]
[ 6, 8, 0 ] [ -13, -13, -1 ]
};
61 :
{
[ 2, -2, 0 ] [ -3, 3, -1 ]
[ 3, -5, -1 ] [ -9, 9, 1 ]
[ -5, 7, 1 ] [ 10, -10, -2 ]
};
62 :
{
[ 2, -4, 2 ] [ -4, 6, -4 ]
[ 8, -12, 6 ] [ -14, 18, -8 ]
[ -12, 14, -6 ] [ 16, -22, 10 ]
};
63 :
{
[ 2, -6, 4 ] [ -3, 9, -7 ]
[ 11, -19, 13 ] [ -13, 31, -21 ]
[ -11, 23, -15 ] [ 18, -38, 26 ]
};
64 :
{
[ 1, -7, 5 ] [ -1, 11, -9 ]
[ 5, -25, 19 ] [ -10, 42, -32 ]
[ -6, 32, -24 ] [ 13, -51, 39 ]
};
65 :
{
[ -1, -7, 5 ] [ 1, 11, -9 ]
[ -1, -29, 23 ] [ -2, 46, -36 ]
[ -2, 36, -28 ] [ 1, -57, 45 ]
};
66 :
{
[ -2, -6, 4 ] [ 3, 9, -7 ]
[ -3, -27, 21 ] [ 9, 43, -33 ]
[ 5, 33, -25 ] [ -10, -54, 42 ]
};
67 :
{
[ -2, -4, 2 ] [ 4, 6, -4 ]
[ -8, -20, 14 ] [ 14, 34, -24 ]
[ 12, 26, -18 ] [ -16, -42, 30 ]
};
68 :
{
[ -2, -2, 0 ] [ 3, 3, -1 ]
[ -11, -13, 7 ] [ 13, 21, -11 ]
[ 11, 17, -9 ] [ -18, -26, 14 ]
};
69 :
{
[ -1, -1, -1 ] [ 1, 1, 1 ]
[ -5, -7, 1 ] [ 10, 10, 0 ]
[ 6, 8, 0 ] [ -13, -13, 1 ]
};
71 :
{
[ 2, -2, 0 ] [ -4, 4, 0 ]
[ 2, -4, 0 ] [ -6, 6, 2 ]
[ -2, 4, 2 ] [ 6, -6, -2 ]
};
72 :
{
[ 3, -5, 3 ] [ -6, 8, -4 ]
[ 8, -8, 4 ] [ -9, 13, -5 ]
[ -7, 9, -3 ] [ 11, -13, 5 ]
};
73 :
{
[ 4, -8, 6 ] [ -5, 13, -9 ]
[ 7, -13, 9 ] [ -11, 23, -15 ]
[ -9, 15, -9 ] [ 12, -24, 16 ]
};
74 :
{
[ 2, -10, 8 ] [ -3, 17, -13 ]
[ 3, -19, 15 ] [ -9, 31, -23 ]
[ -5, 21, -15 ] [ 10, -34, 26 ]
};
75 :
{
[ -1, -11, 9 ] [ 0, 18, -14 ]
[ 2, -22, 18 ] [ -1, 35, -27 ]
[ -1, 25, -19 ] [ 3, -39, 31 ]
};
76 :
{
[ -2, -10, 8 ] [ 4, 16, -12 ]
[ -2, -20, 16 ] [ 6, 34, -26 ]
[ 2, 24, -18 ] [ -6, -38, 30 ]
};
77 :
{
[ -3, -7, 5 ] [ 6, 12, -8 ]
[ -8, -16, 12 ] [ 9, 27, -19 ]
[ 7, 19, -13 ] [ -11, -31, 23 ]
};
78 :
{
[ -4, -4, 2 ] [ 5, 7, -3 ]
[ -7, -11, 7 ] [ 11, 17, -9 ]
[ 9, 13, -7 ] [ -12, -20, 12 ]
};
79 :
{
[ -2, -2, 0 ] [ 3, 3, 1 ]
[ -3, -5, 1 ] [ 9, 9, -1 ]
[ 5, 7, -1 ] [ -10, -10, 2 ]
};
81 :
{
[ 2, -2, 0 ] [ -3, 3, 1 ]
[ 1, -3, -1 ] [ -3, 3, 1 ]
[ 1, 1, 1 ] [ 2, -2, -2 ]
};
82 :
{
[ 4, -4, 2 ] [ -5, 7, -3 ]
[ 5, -5, 1 ] [ -5, 7, -3 ]
[ -3, 3, -1 ] [ 4, -4, 0 ]
};
83 :
{
[ 3, -7, 5 ] [ -6, 12, -8 ]
[ 4, -8, 4 ] [ -7, 13, -9 ]
[ -5, 5, -3 ] [ 5, -9, 5 ]
};
84 :
{
[ 2, -10, 8 ] [ -4, 16, -12 ]
[ 2, -12, 8 ] [ -6, 18, -14 ]
[ -2, 8, -6 ] [ 6, -14, 10 ]
};
85 :
{
[ 1, -11, 9 ] [ 0, 18, -14 ]
[ 2, -14, 10 ] [ -1, 21, -17 ]
[ -1, 11, -9 ] [ 3, -17, 13 ]
};
86 :
{
[ -2, -10, 8 ] [ 3, 17, -13 ]
[ -1, -13, 9 ] [ 3, 21, -17 ]
[ -1, 11, -9 ] [ -2, -18, 14 ]
};
87 :
{
[ -4, -8, 6 ] [ 5, 13, -9 ]
[ -5, -11, 7 ] [ 5, 17, -13 ]
[ 3, 9, -7 ] [ -4, -16, 12 ]
};
88 :
{
[ -3, -5, 3 ] [ 6, 8, -4 ]
[ -4, -8, 4 ] [ 7, 11, -7 ]
[ 5, 7, -5 ] [ -5, -11, 7 ]
};
89 :
{
[ -2, -2, 0 ] [ 4, 4, 0 ]
[ -2, -4, 0 ] [ 6, 6, -2 ]
[ 2, 4, -2 ] [ -6, -6, 2 ]
};
91 :
{
[ 1, -1, -1 ] [ -1, 1, 1 ]
[ -1, -1, -1 ] [ -2, 2, 0 ]
[ 2, 0, 0 ] [ -1, 1, -1 ]
};
92 :
{
[ 2, -2, 0 ] [ -3, 3, -1 ]
[ 1, -3, 1 ] [ -3, 3, -1 ]
[ -1, -1, 1 ] [ -2, 2, -2 ]
};
93 :
{
[ 2, -4, 2 ] [ -4, 6, -4 ]
[ 4, -4, 2 ] [ -2, 6, -4 ]
[ 0, -2, 2 ] [ 0, 2, -2 ]
};
94 :
{
[ 2, -6, 4 ] [ -3, 9, -7 ]
[ 1, -5, 3 ] [ -3, 9, -7 ]
[ 1, -1, 1 ] [ 2, 2, -2 ]
};
95 :
{
[ 1, -7, 5 ] [ -1, 11, -9 ]
[ -1, -7, 5 ] [ -2, 10, -8 ]
[ -2, 0, 0 ] [ 1, 1, -1 ]
};
96 :
{
[ -1, -7, 5 ] [ 1, 11, -9 ]
[ 1, -7, 5 ] [ 2, 10, -8 ]
[ -2, 0, 0 ] [ 1, -1, 1 ]
};
97 :
{
[ -2, -6, 4 ] [ 3, 9, -7 ]
[ -1, -5, 3 ] [ 3, 9, -7 ]
[ 1, 1, -1 ] [ 2, -2, 2 ]
};
98 :
{
[ -2, -4, 2 ] [ 4, 6, -4 ]
[ -4, -4, 2 ] [ 2, 6, -4 ]
[ 0, 2, -2 ] [ 0, -2, 2 ]
};
99 :
{
[ -2, -2, 0 ] [ 3, 3, -1 ]
[ -1, -3, 1 ] [ 3, 3, -1 ]
[ -1, 1, -1 ] [ -2, -2, 2 ]
};
111 :
{
[ -4, 4, 2 ] [ 5, -7, -3 ]
[ 5, -5, -1 ] [ -5, 7, 3 ]
[ -3, 3, 1 ] [ 4, -4, 0 ]
};
112 :
{
[ -3, 7, 5 ] [ 6, -12, -8 ]
[ 4, -8, -4 ] [ -7, 13, 9 ]
[ -5, 5, 3 ] [ 5, -9, -5 ]
};
113 :
{
[ -2, 10, 8 ] [ 4, -16, -12 ]
[ 2, -12, -8 ] [ -6, 18, 14 ]
[ -2, 8, 6 ] [ 6, -14, -10 ]
};
114 :
{
[ -1, 11, 9 ] [ 0, -18, -14 ]
[ 2, -14, -10 ] [ -1, 21, 17 ]
[ -1, 11, 9 ] [ 3, -17, -13 ]
};
115 :
{
[ 2, 10, 8 ] [ -3, -17, -13 ]
[ -1, -13, -9 ] [ 3, 21, 17 ]
[ -1, 11, 9 ] [ -2, -18, -14 ]
};
116 :
{
[ 4, 8, 6 ] [ -5, -13, -9 ]
[ -5, -11, -7 ] [ 5, 17, 13 ]
[ 3, 9, 7 ] [ -4, -16, -12 ]
};
117 :
{
[ 3, 5, 3 ] [ -6, -8, -4 ]
[ -4, -8, -4 ] [ 7, 11, 7 ]
[ 5, 7, 5 ] [ -5, -11, -7 ]
};
118 :
{
[ 2, 2, 0 ] [ -4, -4, 0 ]
[ -2, -4, 0 ] [ 6, 6, 2 ]
[ 2, 4, 2 ] [ -6, -6, -2 ]
};
119 :
{
[ 1, 1, -1 ] [ 0, -2, 2 ]
[ -2, -2, 2 ] [ 1, 3, -1 ]
[ 1, 1, -1 ] [ -3, -3, 1 ]
};
121 :
{
[ -8, 8, 2 ] [ 11, -13, -3 ]
[ 7, -7, -1 ] [ -11, 13, 3 ]
[ -3, 3, -1 ] [ 4, -4, 0 ]
};
122 :
{
[ -9, 15, 9 ] [ 15, -25, -15 ]
[ 7, -15, -9 ] [ -16, 24, 14 ]
[ -4, 6, 2 ] [ 7, -9, -5 ]
};
123 :
{
[ -7, 23, 17 ] [ 13, -37, -27 ]
[ 9, -23, -17 ] [ -12, 36, 26 ]
[ -4, 10, 6 ] [ 7, -15, -11 ]
};
124 :
{
[ -4, 28, 22 ] [ 5, -45, -35 ]
[ 5, -27, -21 ] [ -5, 45, 35 ]
[ -3, 13, 9 ] [ 4, -20, -16 ]
};
125 :
{
[ 2, 28, 22 ] [ -4, -46, -36 ]
[ -4, -28, -22 ] [ 2, 46, 36 ]
[ 0, 14, 10 ] [ 0, -22, -18 ]
};
126 :
{
[ 8, 24, 18 ] [ -11, -39, -29 ]
[ -7, -25, -19 ] [ 11, 39, 29 ]
[ 3, 13, 9 ] [ -4, -20, -16 ]
};
127 :
{
[ 9, 17, 11 ] [ -15, -27, -17 ]
[ -7, -17, -11 ] [ 16, 28, 18 ]
[ 4, 10, 6 ] [ -7, -15, -11 ]
};
128 :
{
[ 7, 9, 3 ] [ -13, -15, -5 ]
[ -9, -9, -3 ] [ 12, 16, 6 ]
[ 4, 6, 2 ] [ -7, -9, -5 ]
};
129 :
{
[ 4, 4, -2 ] [ -5, -7, 3 ]
[ -5, -5, 1 ] [ 5, 7, -3 ]
[ 3, 3, -1 ] [ -4, -4, 0 ]
};
131 :
{
[ -11, 11, 1 ] [ 16, -18, -2 ]
[ 10, -10, -2 ] [ -15, 17, 1 ]
[ -1, 1, -1 ] [ 3, -3, 1 ]
};
132 :
{
[ -14, 22, 12 ] [ 24, -36, -20 ]
[ 14, -20, -12 ] [ -22, 34, 18 ]
[ -2, 4, 2 ] [ 6, -6, -2 ]
};
133 :
{
[ -13, 35, 25 ] [ 22, -56, -40 ]
[ 12, -32, -24 ] [ -21, 53, 37 ]
[ -5, 7, 5 ] [ 5, -11, -7 ]
};
134 :
{
[ -8, 44, 34 ] [ 11, -71, -55 ]
[ 7, -41, -33 ] [ -11, 67, 51 ]
[ -3, 9, 7 ] [ 4, -16, -12 ]
};
135 :
{
[ 2, 46, 36 ] [ -3, -75, -59 ]
[ -1, -43, -35 ] [ 3, 71, 55 ]
[ 1, 11, 9 ] [ 2, -18, -14 ]
};
136 :
{
[ 11, 41, 31 ] [ -16, -66, -50 ]
[ -10, -38, -30 ] [ 15, 63, 47 ]
[ 1, 11, 9 ] [ -3, -17, -13 ]
};
137 :
{
[ 14, 30, 20 ] [ -24, -48, -32 ]
[ -14, -28, -20 ] [ 22, 46, 30 ]
[ 2, 8, 6 ] [ -6, -14, -10 ]
};
138 :
{
[ 13, 17, 7 ] [ -22, -28, -12 ]
[ -12, -16, -8 ] [ 21, 27, 11 ]
[ 5, 5, 3 ] [ -5, -9, -5 ]
};
139 :
{
[ 8, 8, -2 ] [ -11, -13, 3 ]
[ -7, -7, 1 ] [ 11, 13, -3 ]
[ 3, 3, 1 ] [ -4, -4, 0 ]
};
141 :
{
[ -12, 12, 0 ] [ 18, -20, 0 ]
[ 12, -12, 0 ] [ -16, 18, 0 ]
[ 0, 0, 0 ] [ 0, 0, 2 ]
};
142 :
{
[ -17, 25, 13 ] [ 29, -41, -21 ]
[ 17, -23, -11 ] [ -26, 38, 20 ]
[ -2, 0, 0 ] [ 1, -1, 1 ]
};
143 :
{
[ -17, 41, 29 ] [ 28, -66, -46 ]
[ 14, -38, -26 ] [ -27, 61, 43 ]
[ -1, 1, 1 ] [ 3, -3, -1 ]
};
144 :
{
[ -11, 53, 41 ] [ 16, -86, -66 ]
[ 10, -50, -38 ] [ -15, 79, 61 ]
[ -1, 3, 3 ] [ 3, -5, -3 ]
};
145 :
{
[ 1, 57, 45 ] [ -1, -93, -73 ]
[ 1, -53, -41 ] [ 2, 86, 68 ]
[ -2, 4, 4 ] [ 1, -7, -5 ]
};
146 :
{
[ 12, 52, 40 ] [ -18, -84, -64 ]
[ -12, -48, -36 ] [ 16, 78, 60 ]
[ 0, 4, 4 ] [ 0, -8, -6 ]
};
147 :
{
[ 17, 39, 27 ] [ -29, -63, -43 ]
[ -17, -37, -25 ] [ 26, 58, 40 ]
[ 2, 4, 4 ] [ -1, -7, -5 ]
};
148 :
{
[ 17, 23, 11 ] [ -28, -38, -18 ]
[ -14, -22, -10 ] [ 27, 35, 17 ]
[ 1, 3, 3 ] [ -3, -5, -3 ]
};
149 :
{
[ 11, 11, -1 ] [ -16, -18, 2 ]
[ -10, -10, 2 ] [ 15, 17, -1 ]
[ 1, 1, 1 ] [ -3, -3, -1 ]
};
151 :
{
[ -11, 11, -1 ] [ 16, -18, 2 ]
[ 10, -10, 2 ] [ -15, 17, -1 ]
[ 1, -1, -1 ] [ -3, 3, 1 ]
};
152 :
{
[ -17, 23, 11 ] [ 28, -38, -18 ]
[ 14, -22, -10 ] [ -27, 35, 17 ]
[ 1, -3, -3 ] [ -3, 5, 3 ]
};
153 :
{
[ -17, 39, 27 ] [ 29, -63, -43 ]
[ 17, -37, -25 ] [ -26, 58, 40 ]
[ 2, -4, -4 ] [ -1, 7, 5 ]
};
154 :
{
[ -12, 52, 40 ] [ 18, -84, -64 ]
[ 12, -48, -36 ] [ -16, 78, 60 ]
[ 0, -4, -4 ] [ 0, 8, 6 ]
};
155 :
{
[ -1, 57, 45 ] [ 1, -93, -73 ]
[ -1, -53, -41 ] [ -2, 86, 68 ]
[ -2, -4, -4 ] [ 1, 7, 5 ]
};
156 :
{
[ 11, 53, 41 ] [ -16, -86, -66 ]
[ -10, -50, -38 ] [ 15, 79, 61 ]
[ -1, -3, -3 ] [ 3, 5, 3 ]
};
157 :
{
[ 17, 41, 29 ] [ -28, -66, -46 ]
[ -14, -38, -26 ] [ 27, 61, 43 ]
[ -1, -1, -1 ] [ 3, 3, 1 ]
};
158 :
{
[ 17, 25, 13 ] [ -29, -41, -21 ]
[ -17, -23, -11 ] [ 26, 38, 20 ]
[ -2, 0, 0 ] [ 1, 1, -1 ]
};
159 :
{
[ 12, 12, 0 ] [ -18, -20, 0 ]
[ -12, -12, 0 ] [ 16, 18, 0 ]
[ 0, 0, 0 ] [ 0, 0, -2 ]
};
161 :
{
[ -8, 8, -2 ] [ 11, -13, 3 ]
[ 7, -7, 1 ] [ -11, 13, -3 ]
[ 3, -3, -1 ] [ -4, 4, 0 ]
};
162 :
{
[ -13, 17, 7 ] [ 22, -28, -12 ]
[ 12, -16, -8 ] [ -21, 27, 11 ]
[ 5, -5, -3 ] [ -5, 9, 5 ]
};
163 :
{
[ -14, 30, 20 ] [ 24, -48, -32 ]
[ 14, -28, -20 ] [ -22, 46, 30 ]
[ 2, -8, -6 ] [ -6, 14, 10 ]
};
164 :
{
[ -11, 41, 31 ] [ 16, -66, -50 ]
[ 10, -38, -30 ] [ -15, 63, 47 ]
[ 1, -11, -9 ] [ -3, 17, 13 ]
};
165 :
{
[ -2, 46, 36 ] [ 3, -75, -59 ]
[ 1, -43, -35 ] [ -3, 71, 55 ]
[ 1, -11, -9 ] [ 2, 18, 14 ]
};
166 :
{
[ 8, 44, 34 ] [ -11, -71, -55 ]
[ -7, -41, -33 ] [ 11, 67, 51 ]
[ -3, -9, -7 ] [ 4, 16, 12 ]
};
167 :
{
[ 13, 35, 25 ] [ -22, -56, -40 ]
[ -12, -32, -24 ] [ 21, 53, 37 ]
[ -5, -7, -5 ] [ 5, 11, 7 ]
};
168 :
{
[ 14, 22, 12 ] [ -24, -36, -20 ]
[ -14, -20, -12 ] [ 22, 34, 18 ]
[ -2, -4, -2 ] [ 6, 6, 2 ]
};
169 :
{
[ 11, 11, 1 ] [ -16, -18, -2 ]
[ -10, -10, -2 ] [ 15, 17, 1 ]
[ -1, -1, 1 ] [ 3, 3, -1 ]
};
171 :
{
[ -4, 4, -2 ] [ 5, -7, 3 ]
[ 5, -5, 1 ] [ -5, 7, -3 ]
[ 3, -3, 1 ] [ -4, 4, 0 ]
};
172 :
{
[ -7, 9, 3 ] [ 13, -15, -5 ]
[ 9, -9, -3 ] [ -12, 16, 6 ]
[ 4, -6, -2 ] [ -7, 9, 5 ]
};
173 :
{
[ -9, 17, 11 ] [ 15, -27, -17 ]
[ 7, -17, -11 ] [ -16, 28, 18 ]
[ 4, -10, -6 ] [ -7, 15, 11 ]
};
174 :
{
[ -8, 24, 18 ] [ 11, -39, -29 ]
[ 7, -25, -19 ] [ -11, 39, 29 ]
[ 3, -13, -9 ] [ -4, 20, 16 ]
};
175 :
{
[ -2, 28, 22 ] [ 4, -46, -36 ]
[ 4, -28, -22 ] [ -2, 46, 36 ]
[ 0, -14, -10 ] [ 0, 22, 18 ]
};
176 :
{
[ 4, 28, 22 ] [ -5, -45, -35 ]
[ -5, -27, -21 ] [ 5, 45, 35 ]
[ -3, -13, -9 ] [ 4, 20, 16 ]
};
177 :
{
[ 7, 23, 17 ] [ -13, -37, -27 ]
[ -9, -23, -17 ] [ 12, 36, 26 ]
[ -4, -10, -6 ] [ 7, 15, 11 ]
};
178 :
{
[ 9, 15, 9 ] [ -15, -25, -15 ]
[ -7, -15, -9 ] [ 16, 24, 14 ]
[ -4, -6, -2 ] [ 7, 9, 5 ]
};
179 :
{
[ 8, 8, 2 ] [ -11, -13, -3 ]
[ -7, -7, -1 ] [ 11, 13, 3 ]
[ -3, -3, 1 ] [ 4, 4, 0 ]
};
181 :
{
[ -1, 1, -1 ] [ 0, -2, 2 ]
[ 2, -2, 2 ] [ -1, 3, -1 ]
[ 1, -1, 1 ] [ -3, 3, -1 ]
};
182 :
{
[ -2, 2, 0 ] [ 4, -4, 0 ]
[ 2, -4, 0 ] [ -6, 6, 2 ]
[ 2, -4, -2 ] [ -6, 6, 2 ]
};
183 :
{
[ -3, 5, 3 ] [ 6, -8, -4 ]
[ 4, -8, -4 ] [ -7, 11, 7 ]
[ 5, -7, -5 ] [ -5, 11, 7 ]
};
184 :
{
[ -4, 8, 6 ] [ 5, -13, -9 ]
[ 5, -11, -7 ] [ -5, 17, 13 ]
[ 3, -9, -7 ] [ -4, 16, 12 ]
};
185 :
{
[ -2, 10, 8 ] [ 3, -17, -13 ]
[ 1, -13, -9 ] [ -3, 21, 17 ]
[ -1, -11, -9 ] [ -2, 18, 14 ]
};
186 :
{
[ 1, 11, 9 ] [ 0, -18, -14 ]
[ -2, -14, -10 ] [ 1, 21, 17 ]
[ -1, -11, -9 ] [ 3, 17, 13 ]
};
187 :
{
[ 2, 10, 8 ] [ -4, -16, -12 ]
[ -2, -12, -8 ] [ 6, 18, 14 ]
[ -2, -8, -6 ] [ 6, 14, 10 ]
};
188 :
{
[ 3, 7, 5 ] [ -6, -12, -8 ]
[ -4, -8, -4 ] [ 7, 13, 9 ]
[ -5, -5, -3 ] [ 5, 9, 5 ]
};
189 :
{
[ 4, 4, 2 ] [ -5, -7, -3 ]
[ -5, -5, -1 ] [ 5, 7, 3 ]
[ -3, -3, -1 ] [ 4, 4, 0 ]
};
191 :
{
[ 0, 0, 0 ] [ -2, 0, 0 ]
[ 0, 0, 0 ] [ 0, 2, 0 ]
[ 0, 0, 0 ] [ 0, 0, -2 ]
};
192 :
{
[ 1, -1, -1 ] [ -1, 1, 1 ]
[ -1, -1, -1 ] [ -2, 2, 0 ]
[ 2, 0, 0 ] [ -1, 1, -1 ]
};
193 :
{
[ 1, -1, -1 ] [ 0, 2, 2 ]
[ 2, -2, -2 ] [ -1, 3, 1 ]
[ 1, -1, -1 ] [ -3, 3, 1 ]
};
194 :
{
[ -1, -1, -1 ] [ 0, 2, 2 ]
[ 2, -2, -2 ] [ -1, 5, 3 ]
[ 1, -3, -3 ] [ -3, 5, 3 ]
};
195 :
{
[ -1, -1, -1 ] [ 1, 1, 1 ]
[ -1, -3, -3 ] [ -2, 6, 4 ]
[ 2, -4, -4 ] [ -1, 7, 5 ]
};
196 :
{
[ 0, 0, 0 ] [ 2, 0, 0 ]
[ 0, -4, -4 ] [ 0, 6, 4 ]
[ 0, -4, -4 ] [ 0, 8, 6 ]
};
197 :
{
[ -1, 1, 1 ] [ 1, -1, -1 ]
[ 1, -3, -3 ] [ 2, 6, 4 ]
[ -2, -4, -4 ] [ 1, 7, 5 ]
};
198 :
{
[ -1, 1, 1 ] [ 0, -2, -2 ]
[ -2, -2, -2 ] [ 1, 5, 3 ]
[ -1, -3, -3 ] [ 3, 5, 3 ]
};
199 :
{
[ 1, 1, 1 ] [ 0, -2, -2 ]
[ -2, -2, -2 ] [ 1, 3, 1 ]
[ -1, -1, -1 ] [ 3, 3, 1 ]
};
211 :
{
[ -3, 5, 3 ] [ 6, -8, -4 ]
[ 8, -8, -4 ] [ -9, 13, 5 ]
[ -7, 9, 3 ] [ 11, -13, -5 ]
};
212 :
{
[ -4, 8, 6 ] [ 5, -13, -9 ]
[ 7, -13, -9 ] [ -11, 23, 15 ]
[ -9, 15, 9 ] [ 12, -24, -16 ]
};
213 :
{
[ -2, 10, 8 ] [ 3, -17, -13 ]
[ 3, -19, -15 ] [ -9, 31, 23 ]
[ -5, 21, 15 ] [ 10, -34, -26 ]
};
214 :
{
[ 1, 11, 9 ] [ 0, -18, -14 ]
[ 2, -22, -18 ] [ -1, 35, 27 ]
[ -1, 25, 19 ] [ 3, -39, -31 ]
};
215 :
{
[ 2, 10, 8 ] [ -4, -16, -12 ]
[ -2, -20, -16 ] [ 6, 34, 26 ]
[ 2, 24, 18 ] [ -6, -38, -30 ]
};
216 :
{
[ 3, 7, 5 ] [ -6, -12, -8 ]
[ -8, -16, -12 ] [ 9, 27, 19 ]
[ 7, 19, 13 ] [ -11, -31, -23 ]
};
217 :
{
[ 4, 4, 2 ] [ -5, -7, -3 ]
[ -7, -11, -7 ] [ 11, 17, 9 ]
[ 9, 13, 7 ] [ -12, -20, -12 ]
};
218 :
{
[ 2, 2, 0 ] [ -3, -3, 1 ]
[ -3, -5, -1 ] [ 9, 9, 1 ]
[ 5, 7, 1 ] [ -10, -10, -2 ]
};
219 :
{
[ -1, 1, -1 ] [ 0, -2, 2 ]
[ -2, -2, 2 ] [ 1, 5, -3 ]
[ 1, 3, -3 ] [ -3, -5, 3 ]
};
221 :
{
[ -9, 11, 3 ] [ 15, -17, -5 ]
[ 15, -15, -3 ] [ -20, 24, 6 ]
[ -12, 14, 2 ] [ 21, -23, -5 ]
};
222 :
{
[ -12, 20, 12 ] [ 18, -32, -20 ]
[ 16, -28, -16 ] [ -28, 46, 28 ]
[ -16, 28, 16 ] [ 28, -44, -26 ]
};
223 :
{
[ -9, 29, 21 ] [ 15, -47, -35 ]
[ 13, -43, -31 ] [ -24, 68, 50 ]
[ -16, 42, 30 ] [ 23, -67, -49 ]
};
224 :
{
[ -3, 35, 27 ] [ 6, -56, -44 ]
[ 8, -52, -40 ] [ -9, 83, 65 ]
[ -7, 51, 39 ] [ 11, -83, -65 ]
};
225 :
{
[ 3, 35, 27 ] [ -6, -56, -44 ]
[ -4, -52, -40 ] [ 7, 85, 67 ]
[ 5, 53, 41 ] [ -5, -85, -67 ]
};
226 :
{
[ 9, 29, 21 ] [ -15, -47, -35 ]
[ -15, -45, -33 ] [ 20, 72, 54 ]
[ 12, 46, 34 ] [ -21, -73, -55 ]
};
227 :
{
[ 12, 20, 12 ] [ -18, -32, -20 ]
[ -16, -32, -20 ] [ 28, 50, 32 ]
[ 16, 32, 20 ] [ -28, -52, -34 ]
};
228 :
{
[ 9, 11, 3 ] [ -15, -17, -5 ]
[ -13, -17, -5 ] [ 24, 28, 10 ]
[ 16, 18, 6 ] [ -23, -29, -11 ]
};
229 :
{
[ 3, 5, -3 ] [ -6, -8, 4 ]
[ -8, -8, 4 ] [ 9, 13, -5 ]
[ 7, 9, -3 ] [ -11, -13, 5 ]
};
231 :
{
[ -14, 16, 2 ] [ 24, -26, -4 ]
[ 20, -20, -2 ] [ -30, 34, 4 ]
[ -16, 18, 2 ] [ 28, -30, -2 ]
};
232 :
{
[ -20, 32, 18 ] [ 33, -51, -29 ]
[ 25, -41, -23 ] [ -45, 67, 37 ]
[ -25, 37, 21 ] [ 40, -60, -32 ]
};
233 :
{
[ -19, 49, 35 ] [ 29, -79, -57 ]
[ 25, -65, -47 ] [ -40, 104, 74 ]
[ -24, 58, 42 ] [ 37, -95, -67 ]
};
234 :
{
[ -9, 61, 47 ] [ 15, -99, -77 ]
[ 15, -81, -63 ] [ -20, 132, 102 ]
[ -12, 74, 58 ] [ 21, -121, -93 ]
};
235 :
{
[ 4, 64, 50 ] [ -5, -103, -81 ]
[ -5, -85, -67 ] [ 5, 139, 109 ]
[ 3, 79, 63 ] [ -4, -128, -100 ]
};
236 :
{
[ 14, 56, 42 ] [ -24, -90, -68 ]
[ -20, -76, -58 ] [ 30, 122, 92 ]
[ 16, 70, 54 ] [ -28, -114, -86 ]
};
237 :
{
[ 20, 40, 26 ] [ -33, -65, -43 ]
[ -25, -55, -37 ] [ 45, 89, 59 ]
[ 25, 51, 35 ] [ -40, -84, -56 ]
};
238 :
{
[ 19, 23, 9 ] [ -29, -37, -15 ]
[ -25, -31, -13 ] [ 40, 52, 22 ]
[ 24, 30, 14 ] [ -37, -49, -21 ]
};
239 :
{
[ 9, 11, -3 ] [ -15, -17, 5 ]
[ -15, -15, 3 ] [ 20, 24, -6 ]
[ 12, 14, -2 ] [ -21, -23, 5 ]
};
241 :
{
[ -17, 19, 1 ] [ 29, -31, -1 ]
[ 23, -23, -1 ] [ -34, 38, 0 ]
[ -18, 20, 0 ] [ 29, -31, 1 ]
};
242 :
{
[ -27, 39, 21 ] [ 43, -63, -33 ]
[ 33, -47, -25 ] [ -54, 78, 40 ]
[ -30, 40, 20 ] [ 45, -65, -33 ]
};
243 :
{
[ -26, 62, 44 ] [ 41, -101, -71 ]
[ 31, -77, -55 ] [ -53, 125, 87 ]
[ -27, 65, 45 ] [ 46, -106, -74 ]
};
244 :
{
[ -14, 80, 62 ] [ 24, -130, -100 ]
[ 20, -100, -78 ] [ -30, 162, 124 ]
[ -16, 86, 66 ] [ 28, -138, -106 ]
};
245 :
{
[ 2, 86, 68 ] [ -3, -139, -109 ]
[ -1, -107, -85 ] [ 3, 175, 137 ]
[ -1, 93, 73 ] [ -2, -150, -118 ]
};
246 :
{
[ 17, 77, 59 ] [ -29, -125, -95 ]
[ -23, -97, -75 ] [ 34, 158, 120 ]
[ 18, 84, 64 ] [ -29, -137, -105 ]
};
247 :
{
[ 27, 57, 39 ] [ -43, -93, -63 ]
[ -33, -73, -51 ] [ 54, 118, 80 ]
[ 30, 64, 44 ] [ -45, -103, -71 ]
};
248 :
{
[ 26, 34, 16 ] [ -41, -55, -25 ]
[ -31, -43, -21 ] [ 53, 71, 33 ]
[ 27, 39, 19 ] [ -46, -62, -30 ]
};
249 :
{
[ 14, 16, -2 ] [ -24, -26, 4 ]
[ -20, -20, 2 ] [ 30, 34, -4 ]
[ 16, 18, -2 ] [ -28, -30, 2 ]
};
251 :
{
[ -17, 19, -1 ] [ 28, -30, 2 ]
[ 22, -22, 2 ] [ -31, 35, -3 ]
[ -15, 17, -3 ] [ 25, -27, 3 ]
};
252 :
{
[ -29, 39, 19 ] [ 45, -63, -31 ]
[ 33, -45, -21 ] [ -54, 74, 36 ]
[ -26, 36, 16 ] [ 43, -57, -27 ]
};
253 :
{
[ -28, 64, 44 ] [ 46, -104, -72 ]
[ 32, -76, -52 ] [ -56, 122, 84 ]
[ -28, 60, 40 ] [ 44, -96, -66 ]
};
254 :
{
[ -17, 85, 65 ] [ 29, -137, -105 ]
[ 23, -101, -77 ] [ -34, 162, 124 ]
[ -18, 80, 60 ] [ 29, -129, -99 ]
};
255 :
{
[ -1, 93, 73 ] [ 0, -150, -118 ]
[ 2, -110, -86 ] [ -1, 179, 141 ]
[ -1, 89, 69 ] [ 3, -143, -113 ]
};
256 :
{
[ 17, 85, 65 ] [ -28, -138, -106 ]
[ -22, -102, -78 ] [ 31, 165, 127 ]
[ 15, 83, 63 ] [ -25, -133, -103 ]
};
257 :
{
[ 29, 65, 45 ] [ -45, -105, -73 ]
[ -33, -79, -55 ] [ 54, 126, 88 ]
[ 26, 64, 44 ] [ -43, -103, -73 ]
};
258 :
{
[ 28, 40, 20 ] [ -46, -64, -32 ]
[ -32, -48, -24 ] [ 56, 78, 40 ]
[ 28, 40, 20 ] [ -44, -64, -34 ]
};
259 :
{
[ 17, 19, -1 ] [ -29, -31, 1 ]
[ -23, -23, 1 ] [ 34, 38, 0 ]
[ 18, 20, 0 ] [ -29, -31, -1 ]
};
261 :
{
[ -13, 15, -3 ] [ 22, -24, 4 ]
[ 16, -16, 4 ] [ -23, 27, -5 ]
[ -9, 11, -3 ] [ 17, -19, 5 ]
};
262 :
{
[ -24, 32, 14 ] [ 39, -51, -23 ]
[ 25, -35, -15 ] [ -45, 57, 25 ]
[ -19, 25, 11 ] [ 32, -40, -16 ]
};
263 :
{
[ -26, 54, 36 ] [ 41, -87, -59 ]
[ 29, -61, -41 ] [ -47, 97, 65 ]
[ -23, 43, 29 ] [ 34, -70, -46 ]
};
264 :
{
[ -17, 73, 55 ] [ 28, -118, -90 ]
[ 22, -82, -62 ] [ -31, 133, 101 ]
[ -15, 59, 45 ] [ 25, -97, -73 ]
};
265 :
{
[ -2, 82, 64 ] [ 4, -132, -104 ]
[ 2, -92, -72 ] [ -6, 150, 118 ]
[ -2, 68, 54 ] [ 6, -110, -86 ]
};
266 :
{
[ 13, 77, 59 ] [ -22, -124, -96 ]
[ -16, -88, -68 ] [ 23, 141, 109 ]
[ 9, 65, 51 ] [ -17, -105, -81 ]
};
267 :
{
[ 24, 60, 42 ] [ -39, -97, -69 ]
[ -25, -69, -49 ] [ 45, 111, 79 ]
[ 19, 51, 37 ] [ -32, -84, -60 ]
};
268 :
{
[ 26, 38, 20 ] [ -41, -61, -33 ]
[ -29, -43, -23 ] [ 47, 71, 39 ]
[ 23, 33, 19 ] [ -34, -54, -30 ]
};
269 :
{
[ 17, 19, 1 ] [ -28, -30, -2 ]
[ -22, -22, -2 ] [ 31, 35, 3 ]
[ 15, 17, 3 ] [ -25, -27, -3 ]
};
271 :
{
[ -7, 9, -3 ] [ 13, -15, 5 ]
[ 9, -9, 3 ] [ -12, 16, -6 ]
[ -4, 6, -2 ] [ 7, -9, 5 ]
};
272 :
{
[ -16, 20, 8 ] [ 26, -32, -12 ]
[ 16, -20, -8 ] [ -28, 34, 12 ]
[ -12, 12, 4 ] [ 16, -20, -6 ]
};
273 :
{
[ -19, 35, 23 ] [ 29, -57, -37 ]
[ 19, -37, -25 ] [ -32, 60, 38 ]
[ -12, 22, 14 ] [ 21, -37, -23 ]
};
274 :
{
[ -13, 49, 37 ] [ 22, -80, -60 ]
[ 16, -52, -40 ] [ -23, 85, 63 ]
[ -9, 33, 25 ] [ 17, -53, -39 ]
};
275 :
{
[ -3, 57, 45 ] [ 6, -92, -72 ]
[ 4, -60, -48 ] [ -7, 99, 77 ]
[ -5, 39, 31 ] [ 5, -63, -49 ]
};
276 :
{
[ 7, 55, 43 ] [ -13, -89, -69 ]
[ -9, -59, -47 ] [ 12, 96, 74 ]
[ 4, 38, 30 ] [ -7, -63, -49 ]
};
277 :
{
[ 16, 44, 32 ] [ -26, -72, -52 ]
[ -16, -48, -36 ] [ 28, 78, 56 ]
[ 12, 32, 24 ] [ -16, -52, -38 ]
};
278 :
{
[ 19, 29, 17 ] [ -29, -47, -27 ]
[ -19, -31, -19 ] [ 32, 52, 30 ]
[ 12, 22, 14 ] [ -21, -35, -21 ]
};
279 :
{
[ 13, 15, 3 ] [ -22, -24, -4 ]
[ -16, -16, -4 ] [ 23, 27, 5 ]
[ 9, 11, 3 ] [ -17, -19, -5 ]
};
281 :
{
[ -2, 4, -2 ] [ 4, -6, 4 ]
[ 4, -4, 2 ] [ -2, 6, -4 ]
[ 0, 2, -2 ] [ 0, -2, 2 ]
};
282 :
{
[ -8, 8, 2 ] [ 11, -13, -3 ]
[ 7, -7, -1 ] [ -11, 13, 3 ]
[ -3, 3, -1 ] [ 4, -4, 0 ]
};
283 :
{
[ -9, 15, 9 ] [ 15, -25, -15 ]
[ 7, -15, -9 ] [ -16, 24, 14 ]
[ -4, 6, 2 ] [ 7, -9, -5 ]
};
284 :
{
[ -7, 23, 17 ] [ 13, -37, -27 ]
[ 9, -23, -17 ] [ -12, 36, 26 ]
[ -4, 10, 6 ] [ 7, -15, -11 ]
};
285 :
{
[ -4, 28, 22 ] [ 5, -45, -35 ]
[ 5, -27, -21 ] [ -5, 45, 35 ]
[ -3, 13, 9 ] [ 4, -20, -16 ]
};
286 :
{
[ 2, 28, 22 ] [ -4, -46, -36 ]
[ -4, -28, -22 ] [ 2, 46, 36 ]
[ 0, 14, 10 ] [ 0, -22, -18 ]
};
287 :
{
[ 8, 24, 18 ] [ -11, -39, -29 ]
[ -7, -25, -19 ] [ 11, 39, 29 ]
[ 3, 13, 9 ] [ -4, -20, -16 ]
};
288 :
{
[ 9, 17, 11 ] [ -15, -27, -17 ]
[ -7, -17, -11 ] [ 16, 28, 18 ]
[ 4, 10, 6 ] [ -7, -15, -11 ]
};
289 :
{
[ 7, 9, 3 ] [ -13, -15, -5 ]
[ -9, -9, -3 ] [ 12, 16, 6 ]
[ 4, 6, 2 ] [ -7, -9, -5 ]
};
291 :
{
[ 1, 1, -1 ] [ -1, -1, 1 ]
[ 1, -1, 1 ] [ 2, 2, 0 ]
[ 2, 0, 0 ] [ -1, -1, -1 ]
};
292 :
{
[ -1, 1, -1 ] [ 1, -1, 1 ]
[ -1, -1, 1 ] [ -2, 2, 0 ]
[ 2, 0, 0 ] [ -1, 1, 1 ]
};
293 :
{
[ -2, 2, 0 ] [ 3, -3, -1 ]
[ 1, -3, -1 ] [ -3, 3, 1 ]
[ -1, -1, -1 ] [ -2, 2, 2 ]
};
294 :
{
[ -2, 4, 2 ] [ 4, -6, -4 ]
[ 4, -4, -2 ] [ -2, 6, 4 ]
[ 0, -2, -2 ] [ 0, 2, 2 ]
};
295 :
{
[ -2, 6, 4 ] [ 3, -9, -7 ]
[ 1, -5, -3 ] [ -3, 9, 7 ]
[ 1, -1, -1 ] [ 2, 2, 2 ]
};
296 :
{
[ -1, 7, 5 ] [ 1, -11, -9 ]
[ -1, -7, -5 ] [ -2, 10, 8 ]
[ -2, 0, 0 ] [ 1, 1, 1 ]
};
297 :
{
[ 1, 7, 5 ] [ -1, -11, -9 ]
[ 1, -7, -5 ] [ 2, 10, 8 ]
[ -2, 0, 0 ] [ 1, -1, -1 ]
};
298 :
{
[ 2, 6, 4 ] [ -3, -9, -7 ]
[ -1, -5, -3 ] [ 3, 9, 7 ]
[ 1, 1, 1 ] [ 2, -2, -2 ]
};
299 :
{
[ 2, 4, 2 ] [ -4, -6, -4 ]
[ -4, -4, -2 ] [ 2, 6, 4 ]
[ 0, 2, 2 ] [ 0, -2, -2 ]
};
311 :
{
[ -2, 4, 2 ] [ 4, -6, -4 ]
[ 8, -12, -6 ] [ -14, 18, 8 ]
[ -12, 14, 6 ] [ 16, -22, -10 ]
};
312 :
{
[ -2, 6, 4 ] [ 3, -9, -7 ]
[ 11, -19, -13 ] [ -13, 31, 21 ]
[ -11, 23, 15 ] [ 18, -38, -26 ]
};
313 :
{
[ -1, 7, 5 ] [ 1, -11, -9 ]
[ 5, -25, -19 ] [ -10, 42, 32 ]
[ -6, 32, 24 ] [ 13, -51, -39 ]
};
314 :
{
[ 1, 7, 5 ] [ -1, -11, -9 ]
[ -1, -29, -23 ] [ -2, 46, 36 ]
[ -2, 36, 28 ] [ 1, -57, -45 ]
};
315 :
{
[ 2, 6, 4 ] [ -3, -9, -7 ]
[ -3, -27, -21 ] [ 9, 43, 33 ]
[ 5, 33, 25 ] [ -10, -54, -42 ]
};
316 :
{
[ 2, 4, 2 ] [ -4, -6, -4 ]
[ -8, -20, -14 ] [ 14, 34, 24 ]
[ 12, 26, 18 ] [ -16, -42, -30 ]
};
317 :
{
[ 2, 2, 0 ] [ -3, -3, -1 ]
[ -11, -13, -7 ] [ 13, 21, 11 ]
[ 11, 17, 9 ] [ -18, -26, -14 ]
};
318 :
{
[ 1, 1, -1 ] [ -1, -1, 1 ]
[ -5, -7, -1 ] [ 10, 10, 0 ]
[ 6, 8, 0 ] [ -13, -13, -1 ]
};
319 :
{
[ -1, 1, -1 ] [ 1, -1, 1 ]
[ 1, -3, 3 ] [ 2, 6, -4 ]
[ 2, 4, -4 ] [ -1, -7, 5 ]
};
321 :
{
[ -7, 9, 3 ] [ 13, -15, -5 ]
[ 19, -23, -5 ] [ -32, 36, 10 ]
[ -24, 26, 6 ] [ 37, -43, -11 ]
};
322 :
{
[ -9, 17, 11 ] [ 15, -27, -17 ]
[ 25, -43, -25 ] [ -40, 68, 42 ]
[ -28, 50, 30 ] [ 49, -81, -49 ]
};
323 :
{
[ -8, 24, 18 ] [ 11, -39, -29 ]
[ 21, -63, -45 ] [ -33, 101, 75 ]
[ -25, 75, 55 ] [ 40, -120, -88 ]
};
324 :
{
[ -2, 28, 22 ] [ 4, -46, -36 ]
[ 8, -76, -58 ] [ -14, 122, 96 ]
[ -12, 90, 70 ] [ 16, -146, -114 ]
};
325 :
{
[ 4, 28, 22 ] [ -5, -45, -35 ]
[ -7, -77, -59 ] [ 11, 123, 97 ]
[ 9, 91, 71 ] [ -12, -148, -116 ]
};
326 :
{
[ 7, 23, 17 ] [ -13, -37, -27 ]
[ -19, -65, -47 ] [ 32, 104, 78 ]
[ 24, 78, 58 ] [ -37, -125, -93 ]
};
327 :
{
[ 9, 15, 9 ] [ -15, -25, -15 ]
[ -25, -45, -27 ] [ 40, 72, 46 ]
[ 28, 54, 34 ] [ -49, -87, -55 ]
};
328 :
{
[ 8, 8, 2 ] [ -11, -13, -3 ]
[ -21, -25, -7 ] [ 33, 39, 13 ]
[ 25, 29, 9 ] [ -40, -48, -16 ]
};
329 :
{
[ 2, 4, -2 ] [ -4, -6, 4 ]
[ -8, -12, 6 ] [ 14, 18, -8 ]
[ 12, 14, -6 ] [ -16, -22, 10 ]
};
331 :
{
[ -13, 15, 3 ] [ 22, -24, -4 ]
[ 28, -32, -4 ] [ -49, 53, 7 ]
[ -35, 37, 5 ] [ 55, -61, -7 ]
};
332 :
{
[ -19, 29, 17 ] [ 29, -47, -27 ]
[ 41, -65, -37 ] [ -68, 104, 58 ]
[ -48, 74, 42 ] [ 79, -121, -67 ]
};
333 :
{
[ -16, 44, 32 ] [ 26, -72, -52 ]
[ 40, -100, -72 ] [ -60, 162, 116 ]
[ -44, 116, 84 ] [ 72, -188, -134 ]
};
334 :
{
[ -7, 55, 43 ] [ 13, -89, -69 ]
[ 19, -125, -97 ] [ -32, 204, 158 ]
[ -24, 146, 114 ] [ 37, -237, -183 ]
};
335 :
{
[ 3, 57, 45 ] [ -6, -92, -72 ]
[ -8, -132, -104 ] [ 9, 213, 167 ]
[ 7, 153, 121 ] [ -11, -249, -195 ]
};
336 :
{
[ 13, 49, 37 ] [ -22, -80, -60 ]
[ -28, -116, -88 ] [ 49, 187, 141 ]
[ 35, 135, 103 ] [ -55, -219, -165 ]
};
337 :
{
[ 19, 35, 23 ] [ -29, -57, -37 ]
[ -41, -83, -55 ] [ 68, 136, 90 ]
[ 48, 98, 66 ] [ -79, -159, -105 ]
};
338 :
{
[ 16, 20, 8 ] [ -26, -32, -12 ]
[ -40, -48, -20 ] [ 60, 78, 32 ]
[ 44, 56, 24 ] [ -72, -92, -38 ]
};
339 :
{
[ 7, 9, -3 ] [ -13, -15, 5 ]
[ -19, -23, 5 ] [ 32, 36, -10 ]
[ 24, 26, -6 ] [ -37, -43, 11 ]
};
341 :
{
[ -17, 19, 1 ] [ 28, -30, -2 ]
[ 34, -38, -2 ] [ -57, 61, 1 ]
[ -41, 43, 1 ] [ 63, -69, -1 ]
};
342 :
{
[ -26, 38, 20 ] [ 41, -61, -33 ]
[ 55, -77, -41 ] [ -85, 125, 65 ]
[ -61, 87, 45 ] [ 98, -142, -74 ]
};
343 :
{
[ -24, 60, 42 ] [ 39, -97, -69 ]
[ 51, -123, -87 ] [ -83, 201, 141 ]
[ -57, 141, 99 ] [ 96, -228, -160 ]
};
344 :
{
[ -13, 77, 59 ] [ 22, -124, -96 ]
[ 28, -160, -124 ] [ -49, 259, 199 ]
[ -35, 183, 141 ] [ 55, -295, -227 ]
};
345 :
{
[ 2, 82, 64 ] [ -4, -132, -104 ]
[ -2, -172, -136 ] [ 6, 278, 218 ]
[ 2, 196, 154 ] [ -6, -318, -250 ]
};
346 :
{
[ 17, 73, 55 ] [ -28, -118, -90 ]
[ -34, -154, -118 ] [ 57, 251, 191 ]
[ 41, 177, 135 ] [ -63, -287, -219 ]
};
347 :
{
[ 26, 54, 36 ] [ -41, -87, -59 ]
[ -55, -115, -79 ] [ 85, 187, 127 ]
[ 61, 133, 91 ] [ -98, -214, -146 ]
};
348 :
{
[ 24, 32, 14 ] [ -39, -51, -23 ]
[ -51, -69, -33 ] [ 83, 111, 51 ]
[ 57, 79, 37 ] [ -96, -128, -60 ]
};
349 :
{
[ 13, 15, -3 ] [ -22, -24, 4 ]
[ -28, -32, 4 ] [ 49, 53, -7 ]
[ 35, 37, -5 ] [ -55, -61, 7 ]
};
351 :
{
[ -17, 19, -1 ] [ 29, -31, 1 ]
[ 33, -37, 3 ] [ -54, 58, -4 ]
[ -38, 40, -4 ] [ 59, -65, 5 ]
};
352 :
{
[ -28, 40, 20 ] [ 46, -64, -32 ]
[ 56, -76, -36 ] [ -88, 122, 60 ]
[ -60, 84, 40 ] [ 100, -136, -66 ]
};
353 :
{
[ -29, 65, 45 ] [ 45, -105, -73 ]
[ 55, -125, -85 ] [ -90, 202, 140 ]
[ -62, 140, 96 ] [ 101, -225, -155 ]
};
354 :
{
[ -17, 85, 65 ] [ 28, -138, -106 ]
[ 34, -166, -126 ] [ -57, 267, 205 ]
[ -41, 185, 141 ] [ 63, -299, -229 ]
};
355 :
{
[ 1, 93, 73 ] [ 0, -150, -118 ]
[ 2, -182, -142 ] [ -1, 293, 231 ]
[ -1, 203, 159 ] [ 3, -329, -259 ]
};
356 :
{
[ 17, 85, 65 ] [ -29, -137, -105 ]
[ -33, -167, -127 ] [ 54, 270, 208 ]
[ 38, 188, 144 ] [ -59, -303, -233 ]
};
357 :
{
[ 28, 64, 44 ] [ -46, -104, -72 ]
[ -56, -128, -88 ] [ 88, 206, 144 ]
[ 60, 144, 100 ] [ -100, -232, -162 ]
};
358 :
{
[ 29, 39, 19 ] [ -45, -63, -31 ]
[ -55, -79, -39 ] [ 90, 126, 64 ]
[ 62, 88, 44 ] [ -101, -143, -73 ]
};
359 :
{
[ 17, 19, -1 ] [ -28, -30, 2 ]
[ -34, -38, 2 ] [ 57, 61, -1 ]
[ 41, 43, -1 ] [ -63, -69, 1 ]
};
361 :
{
[ -14, 16, -2 ] [ 24, -26, 4 ]
[ 24, -28, 6 ] [ -42, 46, -8 ]
[ -28, 30, -6 ] [ 44, -50, 10 ]
};
362 :
{
[ -26, 34, 16 ] [ 41, -55, -25 ]
[ 45, -61, -27 ] [ -75, 97, 43 ]
[ -49, 65, 29 ] [ 82, -106, -46 ]
};
363 :
{
[ -27, 57, 39 ] [ 43, -93, -63 ]
[ 51, -103, -69 ] [ -78, 166, 112 ]
[ -54, 112, 76 ] [ 87, -181, -121 ]
};
364 :
{
[ -17, 77, 59 ] [ 29, -125, -95 ]
[ 33, -139, -105 ] [ -54, 226, 172 ]
[ -38, 152, 116 ] [ 59, -247, -187 ]
};
365 :
{
[ -2, 86, 68 ] [ 3, -139, -109 ]
[ 3, -157, -123 ] [ -9, 253, 199 ]
[ -5, 171, 135 ] [ 10, -278, -218 ]
};
366 :
{
[ 14, 80, 62 ] [ -24, -130, -100 ]
[ -24, -148, -114 ] [ 42, 238, 184 ]
[ 28, 162, 126 ] [ -44, -262, -202 ]
};
367 :
{
[ 26, 62, 44 ] [ -41, -101, -71 ]
[ -45, -115, -81 ] [ 75, 187, 133 ]
[ 49, 127, 91 ] [ -82, -206, -146 ]
};
368 :
{
[ 27, 39, 21 ] [ -43, -63, -33 ]
[ -51, -73, -39 ] [ 78, 118, 64 ]
[ 54, 80, 44 ] [ -87, -131, -71 ]
};
369 :
{
[ 17, 19, 1 ] [ -29, -31, -1 ]
[ -33, -37, -3 ] [ 54, 58, 4 ]
[ 38, 40, 4 ] [ -59, -65, -5 ]
};
371 :
{
[ -9, 11, -3 ] [ 15, -17, 5 ]
[ 13, -17, 5 ] [ -24, 28, -10 ]
[ -16, 18, -6 ] [ 23, -29, 11 ]
};
372 :
{
[ -19, 23, 9 ] [ 29, -37, -15 ]
[ 31, -37, -15 ] [ -48, 60, 22 ]
[ -32, 38, 14 ] [ 51, -63, -23 ]
};
373 :
{
[ -20, 40, 26 ] [ 33, -65, -43 ]
[ 35, -65, -43 ] [ -55, 107, 69 ]
[ -35, 69, 45 ] [ 60, -112, -72 ]
};
374 :
{
[ -14, 56, 42 ] [ 24, -90, -68 ]
[ 24, -92, -70 ] [ -42, 150, 112 ]
[ -28, 98, 74 ] [ 44, -158, -118 ]
};
375 :
{
[ -4, 64, 50 ] [ 5, -103, -81 ]
[ 7, -107, -85 ] [ -11, 173, 135 ]
[ -9, 113, 89 ] [ 12, -184, -144 ]
};
376 :
{
[ 9, 61, 47 ] [ -15, -99, -77 ]
[ -13, -103, -81 ] [ 24, 168, 130 ]
[ 16, 110, 86 ] [ -23, -179, -139 ]
};
377 :
{
[ 19, 49, 35 ] [ -29, -79, -57 ]
[ -31, -83, -61 ] [ 48, 136, 98 ]
[ 32, 90, 66 ] [ -51, -145, -105 ]
};
378 :
{
[ 20, 32, 18 ] [ -33, -51, -29 ]
[ -35, -55, -33 ] [ 55, 89, 51 ]
[ 35, 59, 35 ] [ -60, -96, -56 ]
};
379 :
{
[ 14, 16, 2 ] [ -24, -26, -4 ]
[ -24, -28, -6 ] [ 42, 46, 8 ]
[ 28, 30, 6 ] [ -44, -50, -10 ]
};
381 :
{
[ -3, 5, -3 ] [ 6, -8, 4 ]
[ 4, -8, 4 ] [ -7, 11, -7 ]
[ -5, 7, -5 ] [ 5, -11, 7 ]
};
382 :
{
[ -9, 11, 3 ] [ 15, -17, -5 ]
[ 15, -15, -3 ] [ -20, 24, 6 ]
[ -12, 14, 2 ] [ 21, -23, -5 ]
};
383 :
{
[ -12, 20, 12 ] [ 18, -32, -20 ]
[ 16, -28, -16 ] [ -28, 46, 28 ]
[ -16, 28, 16 ] [ 28, -44, -26 ]
};
384 :
{
[ -9, 29, 21 ] [ 15, -47, -35 ]
[ 13, -43, -31 ] [ -24, 68, 50 ]
[ -16, 42, 30 ] [ 23, -67, -49 ]
};
385 :
{
[ -3, 35, 27 ] [ 6, -56, -44 ]
[ 8, -52, -40 ] [ -9, 83, 65 ]
[ -7, 51, 39 ] [ 11, -83, -65 ]
};
386 :
{
[ 3, 35, 27 ] [ -6, -56, -44 ]
[ -4, -52, -40 ] [ 7, 85, 67 ]
[ 5, 53, 41 ] [ -5, -85, -67 ]
};
387 :
{
[ 9, 29, 21 ] [ -15, -47, -35 ]
[ -15, -45, -33 ] [ 20, 72, 54 ]
[ 12, 46, 34 ] [ -21, -73, -55 ]
};
388 :
{
[ 12, 20, 12 ] [ -18, -32, -20 ]
[ -16, -32, -20 ] [ 28, 50, 32 ]
[ 16, 32, 20 ] [ -28, -52, -34 ]
};
389 :
{
[ 9, 11, 3 ] [ -15, -17, -5 ]
[ -13, -17, -5 ] [ 24, 28, 10 ]
[ 16, 18, 6 ] [ -23, -29, -11 ]
};
391 :
{
[ 1, 1, -1 ] [ 0, -2, 2 ]
[ -2, -2, 2 ] [ 1, 3, -1 ]
[ 1, 1, -1 ] [ -3, -3, 1 ]
};
392 :
{
[ -2, 2, 0 ] [ 3, -3, 1 ]
[ 1, -3, 1 ] [ -3, 3, -1 ]
[ 1, 1, -1 ] [ 2, -2, 2 ]
};
393 :
{
[ -4, 4, 2 ] [ 5, -7, -3 ]
[ 5, -5, -1 ] [ -5, 7, 3 ]
[ -3, 3, 1 ] [ 4, -4, 0 ]
};
394 :
{
[ -3, 7, 5 ] [ 6, -12, -8 ]
[ 4, -8, -4 ] [ -7, 13, 9 ]
[ -5, 5, 3 ] [ 5, -9, -5 ]
};
395 :
{
[ -2, 10, 8 ] [ 4, -16, -12 ]
[ 2, -12, -8 ] [ -6, 18, 14 ]
[ -2, 8, 6 ] [ 6, -14, -10 ]
};
396 :
{
[ -1, 11, 9 ] [ 0, -18, -14 ]
[ 2, -14, -10 ] [ -1, 21, 17 ]
[ -1, 11, 9 ] [ 3, -17, -13 ]
};
397 :
{
[ 2, 10, 8 ] [ -3, -17, -13 ]
[ -1, -13, -9 ] [ 3, 21, 17 ]
[ -1, 11, 9 ] [ -2, -18, -14 ]
};
398 :
{
[ 4, 8, 6 ] [ -5, -13, -9 ]
[ -5, -11, -7 ] [ 5, 17, 13 ]
[ 3, 9, 7 ] [ -4, -16, -12 ]
};
399 :
{
[ 3, 5, 3 ] [ -6, -8, -4 ]
[ -4, -8, -4 ] [ 7, 11, 7 ]
[ 5, 7, 5 ] [ -5, -11, -7 ]
};
411 :
{
[ -1, 1, 1 ] [ 0, -2, -2 ]
[ 10, -14, -6 ] [ -15, 21, 11 ]
[ -13, 17, 9 ] [ 19, -27, -13 ]
};
412 :
{
[ 1, 1, 1 ] [ 0, -2, -2 ]
[ 10, -22, -14 ] [ -15, 35, 25 ]
[ -13, 27, 19 ] [ 19, -45, -31 ]
};
413 :
{
[ 1, 1, 1 ] [ -1, -1, -1 ]
[ 5, -29, -21 ] [ -10, 46, 36 ]
[ -6, 36, 28 ] [ 13, -59, -45 ]
};
414 :
{
[ 0, 0, 0 ] [ -2, 0, 0 ]
[ 0, -32, -24 ] [ 0, 50, 40 ]
[ 0, 40, 32 ] [ 0, -64, -50 ]
};
415 :
{
[ 1, -1, -1 ] [ -1, 1, 1 ]
[ -5, -29, -21 ] [ 10, 46, 36 ]
[ 6, 36, 28 ] [ -13, -59, -45 ]
};
416 :
{
[ 1, -1, -1 ] [ 0, 2, 2 ]
[ -10, -22, -14 ] [ 15, 35, 25 ]
[ 13, 27, 19 ] [ -19, -45, -31 ]
};
417 :
{
[ -1, -1, -1 ] [ 0, 2, 2 ]
[ -10, -14, -6 ] [ 15, 21, 11 ]
[ 13, 17, 9 ] [ -19, -27, -13 ]
};
418 :
{
[ -1, -1, -1 ] [ 1, 1, 1 ]
[ -5, -7, 1 ] [ 10, 10, 0 ]
[ 6, 8, 0 ] [ -13, -13, 1 ]
};
419 :
{
[ 0, 0, 0 ] [ 2, 0, 0 ]
[ 0, -4, 4 ] [ 0, 6, -4 ]
[ 0, 4, -4 ] [ 0, -8, 6 ]
};
421 :
{
[ -4, 4, 2 ] [ 5, -7, -3 ]
[ 23, -27, -7 ] [ -39, 45, 13 ]
[ -31, 35, 9 ] [ 48, -56, -16 ]
};
422 :
{
[ -3, 7, 5 ] [ 6, -12, -8 ]
[ 28, -52, -32 ] [ -49, 83, 51 ]
[ -37, 65, 39 ] [ 61, -105, -65 ]
};
423 :
{
[ -2, 10, 8 ] [ 4, -16, -12 ]
[ 26, -76, -56 ] [ -38, 122, 90 ]
[ -30, 96, 70 ] [ 50, -154, -114 ]
};
424 :
{
[ -1, 11, 9 ] [ 0, -18, -14 ]
[ 10, -90, -70 ] [ -15, 147, 115 ]
[ -13, 115, 89 ] [ 19, -185, -145 ]
};
425 :
{
[ 2, 10, 8 ] [ -3, -17, -13 ]
[ -11, -91, -71 ] [ 13, 147, 115 ]
[ 11, 115, 89 ] [ -18, -186, -146 ]
};
426 :
{
[ 4, 8, 6 ] [ -5, -13, -9 ]
[ -23, -77, -57 ] [ 39, 123, 91 ]
[ 31, 97, 71 ] [ -48, -156, -116 ]
};
427 :
{
[ 3, 5, 3 ] [ -6, -8, -4 ]
[ -28, -52, -32 ] [ 49, 85, 53 ]
[ 37, 67, 41 ] [ -61, -107, -67 ]
};
428 :
{
[ 2, 2, 0 ] [ -4, -4, 0 ]
[ -26, -28, -8 ] [ 38, 46, 14 ]
[ 30, 36, 10 ] [ -50, -58, -18 ]
};
429 :
{
[ 1, 1, -1 ] [ 0, -2, 2 ]
[ -10, -14, 6 ] [ 15, 21, -11 ]
[ 13, 17, -9 ] [ -19, -27, 13 ]
};
431 :
{
[ -8, 8, 2 ] [ 11, -13, -3 ]
[ 37, -41, -7 ] [ -61, 67, 9 ]
[ -47, 51, 7 ] [ 76, -84, -12 ]
};
432 :
{
[ -9, 15, 9 ] [ 15, -25, -15 ]
[ 53, -81, -47 ] [ -84, 132, 74 ]
[ -64, 102, 58 ] [ 107, -165, -93 ]
};
433 :
{
[ -7, 23, 17 ] [ 13, -37, -27 ]
[ 47, -125, -91 ] [ -76, 204, 146 ]
[ -60, 158, 114 ] [ 95, -255, -183 ]
};
434 :
{
[ -4, 28, 22 ] [ 5, -45, -35 ]
[ 23, -157, -123 ] [ -39, 255, 197 ]
[ -31, 197, 153 ] [ 48, -320, -248 ]
};
435 :
{
[ 2, 28, 22 ] [ -4, -46, -36 ]
[ -8, -164, -130 ] [ 14, 266, 208 ]
[ 12, 206, 162 ] [ -16, -334, -262 ]
};
436 :
{
[ 8, 24, 18 ] [ -11, -39, -29 ]
[ -37, -143, -109 ] [ 61, 233, 175 ]
[ 47, 181, 137 ] [ -76, -292, -220 ]
};
437 :
{
[ 9, 17, 11 ] [ -15, -27, -17 ]
[ -53, -103, -69 ] [ 84, 168, 110 ]
[ 64, 130, 86 ] [ -107, -211, -139 ]
};
438 :
{
[ 7, 9, 3 ] [ -13, -15, -5 ]
[ -47, -59, -25 ] [ 76, 96, 38 ]
[ 60, 74, 30 ] [ -95, -121, -49 ]
};
439 :
{
[ 4, 4, -2 ] [ -5, -7, 3 ]
[ -23, -27, 7 ] [ 39, 45, -13 ]
[ 31, 35, -9 ] [ -48, -56, 16 ]
};
441 :
{
[ -11, 11, 1 ] [ 16, -18, -2 ]
[ 46, -50, -2 ] [ -73, 79, 3 ]
[ -57, 61, 3 ] [ 91, -99, -3 ]
};
442 :
{
[ -14, 22, 12 ] [ 24, -36, -20 ]
[ 70, -100, -52 ] [ -110, 162, 86 ]
[ -86, 124, 66 ] [ 138, -202, -106 ]
};
443 :
{
[ -13, 35, 25 ] [ 22, -56, -40 ]
[ 64, -160, -112 ] [ -107, 259, 183 ]
[ -81, 199, 141 ] [ 133, -323, -227 ]
};
444 :
{
[ -8, 44, 34 ] [ 11, -71, -55 ]
[ 37, -207, -159 ] [ -61, 333, 257 ]
[ -47, 257, 199 ] [ 76, -416, -320 ]
};
445 :
{
[ 2, 46, 36 ] [ -3, -75, -59 ]
[ -3, -221, -173 ] [ 9, 357, 281 ]
[ 5, 275, 217 ] [ -10, -446, -350 ]
};
446 :
{
[ 11, 41, 31 ] [ -16, -66, -50 ]
[ -46, -198, -150 ] [ 73, 321, 245 ]
[ 57, 247, 189 ] [ -91, -401, -305 ]
};
447 :
{
[ 14, 30, 20 ] [ -24, -48, -32 ]
[ -70, -148, -100 ] [ 110, 238, 162 ]
[ 86, 184, 126 ] [ -138, -298, -202 ]
};
448 :
{
[ 13, 17, 7 ] [ -22, -28, -12 ]
[ -64, -88, -40 ] [ 107, 141, 65 ]
[ 81, 109, 51 ] [ -133, -177, -81 ]
};
449 :
{
[ 8, 8, -2 ] [ -11, -13, 3 ]
[ -37, -41, 7 ] [ 61, 67, -9 ]
[ 47, 51, -7 ] [ -76, -84, 12 ]
};
451 :
{
[ -12, 12, 0 ] [ 18, -20, 0 ]
[ 44, -48, 4 ] [ -72, 78, -4 ]
[ -56, 60, -4 ] [ 88, -96, 6 ]
};
452 :
{
[ -17, 25, 13 ] [ 29, -41, -21 ]
[ 71, -101, -49 ] [ -118, 162, 80 ]
[ -90, 124, 60 ] [ 145, -201, -99 ]
};
453 :
{
[ -17, 41, 29 ] [ 28, -66, -46 ]
[ 74, -166, -114 ] [ -117, 267, 185 ]
[ -89, 205, 141 ] [ 147, -331, -229 ]
};
454 :
{
[ -11, 53, 41 ] [ 16, -86, -66 ]
[ 46, -218, -166 ] [ -73, 353, 271 ]
[ -57, 271, 207 ] [ 91, -437, -335 ]
};
455 :
{
[ 1, 57, 45 ] [ -1, -93, -73 ]
[ -1, -239, -187 ] [ -2, 386, 304 ]
[ -2, 296, 232 ] [ 1, -479, -377 ]
};
456 :
{
[ 12, 52, 40 ] [ -18, -84, -64 ]
[ -44, -220, -168 ] [ 72, 354, 272 ]
[ 56, 272, 208 ] [ -88, -440, -338 ]
};
457 :
{
[ 17, 39, 27 ] [ -29, -63, -43 ]
[ -71, -167, -115 ] [ 118, 270, 188 ]
[ 90, 208, 144 ] [ -145, -335, -233 ]
};
458 :
{
[ 17, 23, 11 ] [ -28, -38, -18 ]
[ -74, -102, -50 ] [ 117, 165, 83 ]
[ 89, 127, 63 ] [ -147, -205, -103 ]
};
459 :
{
[ 11, 11, -1 ] [ -16, -18, 2 ]
[ -46, -50, 2 ] [ 73, 79, -3 ]
[ 57, 61, -3 ] [ -91, -99, 3 ]
};
461 :
{
[ -11, 11, -1 ] [ 16, -18, 2 ]
[ 34, -38, 6 ] [ -57, 63, -11 ]
[ -43, 47, -9 ] [ 69, -77, 13 ]
};
462 :
{
[ -17, 23, 11 ] [ 28, -38, -18 ]
[ 62, -82, -38 ] [ -101, 133, 59 ]
[ -75, 101, 45 ] [ 125, -163, -73 ]
};
463 :
{
[ -17, 39, 27 ] [ 29, -63, -43 ]
[ 67, -139, -95 ] [ -106, 226, 152 ]
[ -82, 172, 116 ] [ 131, -277, -187 ]
};
464 :
{
[ -12, 52, 40 ] [ 18, -84, -64 ]
[ 44, -188, -144 ] [ -72, 306, 232 ]
[ -56, 232, 176 ] [ 88, -376, -286 ]
};
465 :
{
[ -1, 57, 45 ] [ 1, -93, -73 ]
[ 5, -211, -167 ] [ -10, 342, 268 ]
[ -6, 260, 204 ] [ 13, -421, -331 ]
};
466 :
{
[ 11, 53, 41 ] [ -16, -86, -66 ]
[ -34, -198, -154 ] [ 57, 321, 247 ]
[ 43, 245, 189 ] [ -69, -395, -305 ]
};
467 :
{
[ 17, 41, 29 ] [ -28, -66, -46 ]
[ -62, -154, -110 ] [ 101, 251, 177 ]
[ 75, 191, 135 ] [ -125, -309, -219 ]
};
468 :
{
[ 17, 25, 13 ] [ -29, -41, -21 ]
[ -67, -97, -53 ] [ 106, 158, 84 ]
[ 82, 120, 64 ] [ -131, -195, -105 ]
};
469 :
{
[ 12, 12, 0 ] [ -18, -20, 0 ]
[ -44, -48, -4 ] [ 72, 78, 4 ]
[ 56, 60, 4 ] [ -88, -96, -6 ]
};
471 :
{
[ -8, 8, -2 ] [ 11, -13, 3 ]
[ 21, -25, 7 ] [ -33, 39, -13 ]
[ -25, 29, -9 ] [ 40, -48, 16 ]
};
472 :
{
[ -13, 17, 7 ] [ 22, -28, -12 ]
[ 44, -52, -20 ] [ -67, 85, 33 ]
[ -51, 63, 25 ] [ 83, -103, -39 ]
};
473 :
{
[ -14, 30, 20 ] [ 24, -48, -32 ]
[ 46, -92, -60 ] [ -78, 150, 98 ]
[ -58, 112, 74 ] [ 94, -182, -118 ]
};
474 :
{
[ -11, 41, 31 ] [ 16, -66, -50 ]
[ 34, -130, -98 ] [ -57, 209, 157 ]
[ -43, 157, 119 ] [ 69, -255, -191 ]
};
475 :
{
[ -2, 46, 36 ] [ 3, -75, -59 ]
[ 11, -149, -117 ] [ -13, 241, 189 ]
[ -11, 181, 143 ] [ 18, -294, -230 ]
};
476 :
{
[ 8, 44, 34 ] [ -11, -71, -55 ]
[ -21, -143, -111 ] [ 33, 233, 181 ]
[ 25, 175, 137 ] [ -40, -284, -220 ]
};
477 :
{
[ 13, 35, 25 ] [ -22, -56, -40 ]
[ -44, -116, -84 ] [ 67, 187, 135 ]
[ 51, 141, 103 ] [ -83, -229, -165 ]
};
478 :
{
[ 14, 22, 12 ] [ -24, -36, -20 ]
[ -46, -76, -44 ] [ 78, 122, 70 ]
[ 58, 92, 54 ] [ -94, -150, -86 ]
};
479 :
{
[ 11, 11, 1 ] [ -16, -18, -2 ]
[ -34, -38, -6 ] [ 57, 63, 11 ]
[ 43, 47, 9 ] [ -69, -77, -13 ]
};
481 :
{
[ -4, 4, -2 ] [ 5, -7, 3 ]
[ 7, -11, 7 ] [ -11, 17, -9 ]
[ -9, 13, -7 ] [ 12, -20, 12 ]
};
482 :
{
[ -7, 9, 3 ] [ 13, -15, -5 ]
[ 19, -23, -5 ] [ -32, 36, 10 ]
[ -24, 26, 6 ] [ 37, -43, -11 ]
};
483 :
{
[ -9, 17, 11 ] [ 15, -27, -17 ]
[ 25, -43, -25 ] [ -40, 68, 42 ]
[ -28, 50, 30 ] [ 49, -81, -49 ]
};
484 :
{
[ -8, 24, 18 ] [ 11, -39, -29 ]
[ 21, -63, -45 ] [ -33, 101, 75 ]
[ -25, 75, 55 ] [ 40, -120, -88 ]
};
485 :
{
[ -2, 28, 22 ] [ 4, -46, -36 ]
[ 8, -76, -58 ] [ -14, 122, 96 ]
[ -12, 90, 70 ] [ 16, -146, -114 ]
};
486 :
{
[ 4, 28, 22 ] [ -5, -45, -35 ]
[ -7, -77, -59 ] [ 11, 123, 97 ]
[ 9, 91, 71 ] [ -12, -148, -116 ]
};
487 :
{
[ 7, 23, 17 ] [ -13, -37, -27 ]
[ -19, -65, -47 ] [ 32, 104, 78 ]
[ 24, 78, 58 ] [ -37, -125, -93 ]
};
488 :
{
[ 9, 15, 9 ] [ -15, -25, -15 ]
[ -25, -45, -27 ] [ 40, 72, 46 ]
[ 28, 54, 34 ] [ -49, -87, -55 ]
};
489 :
{
[ 8, 8, 2 ] [ -11, -13, -3 ]
[ -21, -25, -7 ] [ 33, 39, 13 ]
[ 25, 29, 9 ] [ -40, -48, -16 ]
};
491 :
{
[ -1, 1, -1 ] [ 0, -2, 2 ]
[ -2, -2, 2 ] [ 1, 5, -3 ]
[ 1, 3, -3 ] [ -3, -5, 3 ]
};
492 :
{
[ -2, 2, 0 ] [ 4, -4, 0 ]
[ 2, -4, 0 ] [ -6, 6, -2 ]
[ -2, 4, -2 ] [ 6, -6, 2 ]
};
493 :
{
[ -3, 5, 3 ] [ 6, -8, -4 ]
[ 8, -8, -4 ] [ -9, 13, 5 ]
[ -7, 9, 3 ] [ 11, -13, -5 ]
};
494 :
{
[ -4, 8, 6 ] [ 5, -13, -9 ]
[ 7, -13, -9 ] [ -11, 23, 15 ]
[ -9, 15, 9 ] [ 12, -24, -16 ]
};
495 :
{
[ -2, 10, 8 ] [ 3, -17, -13 ]
[ 3, -19, -15 ] [ -9, 31, 23 ]
[ -5, 21, 15 ] [ 10, -34, -26 ]
};
496 :
{
[ 1, 11, 9 ] [ 0, -18, -14 ]
[ 2, -22, -18 ] [ -1, 35, 27 ]
[ -1, 25, 19 ] [ 3, -39, -31 ]
};
497 :
{
[ 2, 10, 8 ] [ -4, -16, -12 ]
[ -2, -20, -16 ] [ 6, 34, 26 ]
[ 2, 24, 18 ] [ -6, -38, -30 ]
};
498 :
{
[ 3, 7, 5 ] [ -6, -12, -8 ]
[ -8, -16, -12 ] [ 9, 27, 19 ]
[ 7, 19, 13 ] [ -11, -31, -23 ]
};
499 :
{
[ 4, 4, 2 ] [ -5, -7, -3 ]
[ -7, -11, -7 ] [ 11, 17, 9 ]
[ 9, 13, 7 ] [ -12, -20, -12 ]
};
511 :
{
[ 2, -2, 0 ] [ -3, 3, 1 ]
[ 11, -13, -7 ] [ -13, 21, 11 ]
[ -11, 17, 9 ] [ 18, -26, -14 ]
};
512 :
{
[ 2, -4, -2 ] [ -4, 6, 4 ]
[ 8, -20, -14 ] [ -14, 34, 24 ]
[ -12, 26, 18 ] [ 16, -42, -30 ]
};
513 :
{
[ 2, -6, -4 ] [ -3, 9, 7 ]
[ 3, -27, -21 ] [ -9, 43, 33 ]
[ -5, 33, 25 ] [ 10, -54, -42 ]
};
514 :
{
[ 1, -7, -5 ] [ -1, 11, 9 ]
[ 1, -29, -23 ] [ 2, 46, 36 ]
[ 2, 36, 28 ] [ -1, -57, -45 ]
};
515 :
{
[ -1, -7, -5 ] [ 1, 11, 9 ]
[ -5, -25, -19 ] [ 10, 42, 32 ]
[ 6, 32, 24 ] [ -13, -51, -39 ]
};
516 :
{
[ -2, -6, -4 ] [ 3, 9, 7 ]
[ -11, -19, -13 ] [ 13, 31, 21 ]
[ 11, 23, 15 ] [ -18, -38, -26 ]
};
517 :
{
[ -2, -4, -2 ] [ 4, 6, 4 ]
[ -8, -12, -6 ] [ 14, 18, 8 ]
[ 12, 14, 6 ] [ -16, -22, -10 ]
};
518 :
{
[ -2, -2, 0 ] [ 3, 3, 1 ]
[ -3, -5, 1 ] [ 9, 9, -1 ]
[ 5, 7, -1 ] [ -10, -10, 2 ]
};
519 :
{
[ -1, -1, 1 ] [ 1, 1, -1 ]
[ -1, -3, 3 ] [ -2, 6, -4 ]
[ -2, 4, -4 ] [ 1, -7, 5 ]
};
521 :
{
[ 2, -2, 0 ] [ -4, 4, 0 ]
[ 26, -28, -8 ] [ -38, 46, 14 ]
[ -30, 36, 10 ] [ 50, -58, -18 ]
};
522 :
{
[ 3, -5, -3 ] [ -6, 8, 4 ]
[ 28, -52, -32 ] [ -49, 85, 53 ]
[ -37, 67, 41 ] [ 61, -107, -67 ]
};
523 :
{
[ 4, -8, -6 ] [ -5, 13, 9 ]
[ 23, -77, -57 ] [ -39, 123, 91 ]
[ -31, 97, 71 ] [ 48, -156, -116 ]
};
524 :
{
[ 2, -10, -8 ] [ -3, 17, 13 ]
[ 11, -91, -71 ] [ -13, 147, 115 ]
[ -11, 115, 89 ] [ 18, -186, -146 ]
};
525 :
{
[ -1, -11, -9 ] [ 0, 18, 14 ]
[ -10, -90, -70 ] [ 15, 147, 115 ]
[ 13, 115, 89 ] [ -19, -185, -145 ]
};
526 :
{
[ -2, -10, -8 ] [ 4, 16, 12 ]
[ -26, -76, -56 ] [ 38, 122, 90 ]
[ 30, 96, 70 ] [ -50, -154, -114 ]
};
527 :
{
[ -3, -7, -5 ] [ 6, 12, 8 ]
[ -28, -52, -32 ] [ 49, 83, 51 ]
[ 37, 65, 39 ] [ -61, -105, -65 ]
};
528 :
{
[ -4, -4, -2 ] [ 5, 7, 3 ]
[ -23, -27, -7 ] [ 39, 45, 13 ]
[ 31, 35, 9 ] [ -48, -56, -16 ]
};
529 :
{
[ -2, -2, 0 ] [ 3, 3, -1 ]
[ -11, -13, 7 ] [ 13, 21, -11 ]
[ 11, 17, -9 ] [ -18, -26, 14 ]
};
531 :
{
[ 2, -2, 0 ] [ -3, 3, -1 ]
[ 41, -43, -7 ] [ -63, 71, 11 ]
[ -49, 55, 9 ] [ 82, -90, -14 ]
};
532 :
{
[ 4, -4, -2 ] [ -5, 7, 3 ]
[ 53, -85, -49 ] [ -89, 139, 79 ]
[ -69, 109, 63 ] [ 112, -176, -100 ]
};
533 :
{
[ 3, -7, -5 ] [ -6, 12, 8 ]
[ 48, -132, -96 ] [ -79, 213, 153 ]
[ -63, 167, 121 ] [ 99, -271, -195 ]
};
534 :
{
[ 2, -10, -8 ] [ -4, 16, 12 ]
[ 26, -164, -128 ] [ -38, 266, 206 ]
[ -30, 208, 162 ] [ 50, -338, -262 ]
};
535 :
{
[ 1, -11, -9 ] [ 0, 18, 14 ]
[ -10, -170, -134 ] [ 15, 277, 217 ]
[ 13, 217, 171 ] [ -19, -351, -275 ]
};
536 :
{
[ -2, -10, -8 ] [ 3, 17, 13 ]
[ -41, -149, -113 ] [ 63, 241, 181 ]
[ 49, 189, 143 ] [ -82, -306, -230 ]
};
537 :
{
[ -4, -8, -6 ] [ 5, 13, 9 ]
[ -53, -107, -71 ] [ 89, 173, 113 ]
[ 69, 135, 89 ] [ -112, -220, -144 ]
};
538 :
{
[ -3, -5, -3 ] [ 6, 8, 4 ]
[ -48, -60, -24 ] [ 79, 99, 39 ]
[ 63, 77, 31 ] [ -99, -125, -49 ]
};
539 :
{
[ -2, -2, 0 ] [ 4, 4, 0 ]
[ -26, -28, 8 ] [ 38, 46, -14 ]
[ 30, 36, -10 ] [ -50, -58, 18 ]
};
541 :
{
[ 1, -1, 1 ] [ -1, 1, -1 ]
[ 51, -53, -3 ] [ -78, 86, 4 ]
[ -62, 68, 4 ] [ 101, -109, -5 ]
};
542 :
{
[ 2, -2, 0 ] [ -3, 3, 1 ]
[ 73, -107, -57 ] [ -119, 175, 93 ]
[ -95, 137, 73 ] [ 150, -222, -118 ]
};
543 :
{
[ 2, -4, -2 ] [ -4, 6, 4 ]
[ 68, -172, -122 ] [ -114, 278, 196 ]
[ -88, 218, 154 ] [ 144, -354, -250 ]
};
544 :
{
[ 2, -6, -4 ] [ -3, 9, 7 ]
[ 41, -221, -171 ] [ -63, 357, 275 ]
[ -49, 281, 217 ] [ 82, -454, -350 ]
};
545 :
{
[ 1, -7, -5 ] [ -1, 11, 9 ]
[ -5, -235, -185 ] [ 10, 382, 300 ]
[ 6, 300, 236 ] [ -13, -485, -381 ]
};
546 :
{
[ -1, -7, -5 ] [ 1, 11, 9 ]
[ -51, -211, -161 ] [ 78, 342, 260 ]
[ 62, 268, 204 ] [ -101, -435, -331 ]
};
547 :
{
[ -2, -6, -4 ] [ 3, 9, 7 ]
[ -73, -157, -107 ] [ 119, 253, 171 ]
[ 95, 199, 135 ] [ -150, -322, -218 ]
};
548 :
{
[ -2, -4, -2 ] [ 4, 6, 4 ]
[ -68, -92, -42 ] [ 114, 150, 68 ]
[ 88, 118, 54 ] [ -144, -190, -86 ]
};
549 :
{
[ -2, -2, 0 ] [ 3, 3, 1 ]
[ -41, -43, 7 ] [ 63, 71, -11 ]
[ 49, 55, -9 ] [ -82, -90, 14 ]
};
551 :
{
[ -1, 1, 1 ] [ 1, -1, -1 ]
[ 51, -53, 3 ] [ -78, 86, -4 ]
[ -62, 68, -4 ] [ 101, -109, 5 ]
};
552 :
{
[ -1, 1, 1 ] [ 0, -2, -2 ]
[ 78, -110, -54 ] [ -129, 179, 89 ]
[ -101, 141, 69 ] [ 163, -227, -113 ]
};
553 :
{
[ 1, 1, 1 ] [ 0, -2, -2 ]
[ 78, -182, -126 ] [ -129, 293, 203 ]
[ -101, 231, 159 ] [ 163, -373, -259 ]
};
554 :
{
[ 1, 1, 1 ] [ -1, -1, -1 ]
[ 51, -239, -183 ] [ -78, 386, 296 ]
[ -62, 304, 232 ] [ 101, -491, -377 ]
};
555 :
{
[ 0, 0, 0 ] [ -2, 0, 0 ]
[ 0, -260, -204 ] [ 0, 422, 332 ]
[ 0, 332, 260 ] [ 0, -536, -422 ]
};
556 :
{
[ 1, -1, -1 ] [ -1, 1, 1 ]
[ -51, -239, -183 ] [ 78, 386, 296 ]
[ 62, 304, 232 ] [ -101, -491, -377 ]
};
557 :
{
[ 1, -1, -1 ] [ 0, 2, 2 ]
[ -78, -182, -126 ] [ 129, 293, 203 ]
[ 101, 231, 159 ] [ -163, -373, -259 ]
};
558 :
{
[ -1, -1, -1 ] [ 0, 2, 2 ]
[ -78, -110, -54 ] [ 129, 179, 89 ]
[ 101, 141, 69 ] [ -163, -227, -113 ]
};
559 :
{
[ -1, -1, -1 ] [ 1, 1, 1 ]
[ -51, -53, 3 ] [ 78, 86, -4 ]
[ 62, 68, -4 ] [ -101, -109, 5 ]
};
561 :
{
[ -2, 2, 0 ] [ 3, -3, -1 ]
[ 41, -43, 7 ] [ -63, 71, -11 ]
[ -49, 55, -9 ] [ 82, -90, 14 ]
};
562 :
{
[ -2, 4, 2 ] [ 4, -6, -4 ]
[ 68, -92, -42 ] [ -114, 150, 68 ]
[ -88, 118, 54 ] [ 144, -190, -86 ]
};
563 :
{
[ -2, 6, 4 ] [ 3, -9, -7 ]
[ 73, -157, -107 ] [ -119, 253, 171 ]
[ -95, 199, 135 ] [ 150, -322, -218 ]
};
564 :
{
[ -1, 7, 5 ] [ 1, -11, -9 ]
[ 51, -211, -161 ] [ -78, 342, 260 ]
[ -62, 268, 204 ] [ 101, -435, -331 ]
};
565 :
{
[ 1, 7, 5 ] [ -1, -11, -9 ]
[ 5, -235, -185 ] [ -10, 382, 300 ]
[ -6, 300, 236 ] [ 13, -485, -381 ]
};
566 :
{
[ 2, 6, 4 ] [ -3, -9, -7 ]
[ -41, -221, -171 ] [ 63, 357, 275 ]
[ 49, 281, 217 ] [ -82, -454, -350 ]
};
567 :
{
[ 2, 4, 2 ] [ -4, -6, -4 ]
[ -68, -172, -122 ] [ 114, 278, 196 ]
[ 88, 218, 154 ] [ -144, -354, -250 ]
};
568 :
{
[ 2, 2, 0 ] [ -3, -3, -1 ]
[ -73, -107, -57 ] [ 119, 175, 93 ]
[ 95, 137, 73 ] [ -150, -222, -118 ]
};
569 :
{
[ 1, 1, -1 ] [ -1, -1, 1 ]
[ -51, -53, -3 ] [ 78, 86, 4 ]
[ 62, 68, 4 ] [ -101, -109, -5 ]
};
571 :
{
[ -2, 2, 0 ] [ 4, -4, 0 ]
[ 26, -28, 8 ] [ -38, 46, -14 ]
[ -30, 36, -10 ] [ 50, -58, 18 ]
};
572 :
{
[ -3, 5, 3 ] [ 6, -8, -4 ]
[ 48, -60, -24 ] [ -79, 99, 39 ]
[ -63, 77, 31 ] [ 99, -125, -49 ]
};
573 :
{
[ -4, 8, 6 ] [ 5, -13, -9 ]
[ 53, -107, -71 ] [ -89, 173, 113 ]
[ -69, 135, 89 ] [ 112, -220, -144 ]
};
574 :
{
[ -2, 10, 8 ] [ 3, -17, -13 ]
[ 41, -149, -113 ] [ -63, 241, 181 ]
[ -49, 189, 143 ] [ 82, -306, -230 ]
};
575 :
{
[ 1, 11, 9 ] [ 0, -18, -14 ]
[ 10, -170, -134 ] [ -15, 277, 217 ]
[ -13, 217, 171 ] [ 19, -351, -275 ]
};
576 :
{
[ 2, 10, 8 ] [ -4, -16, -12 ]
[ -26, -164, -128 ] [ 38, 266, 206 ]
[ 30, 208, 162 ] [ -50, -338, -262 ]
};
577 :
{
[ 3, 7, 5 ] [ -6, -12, -8 ]
[ -48, -132, -96 ] [ 79, 213, 153 ]
[ 63, 167, 121 ] [ -99, -271, -195 ]
};
578 :
{
[ 4, 4, 2 ] [ -5, -7, -3 ]
[ -53, -85, -49 ] [ 89, 139, 79 ]
[ 69, 109, 63 ] [ -112, -176, -100 ]
};
579 :
{
[ 2, 2, 0 ] [ -3, -3, 1 ]
[ -41, -43, -7 ] [ 63, 71, 11 ]
[ 49, 55, 9 ] [ -82, -90, -14 ]
};
581 :
{
[ -2, 2, 0 ] [ 3, -3, 1 ]
[ 11, -13, 7 ] [ -13, 21, -11 ]
[ -11, 17, -9 ] [ 18, -26, 14 ]
};
582 :
{
[ -4, 4, 2 ] [ 5, -7, -3 ]
[ 23, -27, -7 ] [ -39, 45, 13 ]
[ -31, 35, 9 ] [ 48, -56, -16 ]
};
583 :
{
[ -3, 7, 5 ] [ 6, -12, -8 ]
[ 28, -52, -32 ] [ -49, 83, 51 ]
[ -37, 65, 39 ] [ 61, -105, -65 ]
};
584 :
{
[ -2, 10, 8 ] [ 4, -16, -12 ]
[ 26, -76, -56 ] [ -38, 122, 90 ]
[ -30, 96, 70 ] [ 50, -154, -114 ]
};
585 :
{
[ -1, 11, 9 ] [ 0, -18, -14 ]
[ 10, -90, -70 ] [ -15, 147, 115 ]
[ -13, 115, 89 ] [ 19, -185, -145 ]
};
586 :
{
[ 2, 10, 8 ] [ -3, -17, -13 ]
[ -11, -91, -71 ] [ 13, 147, 115 ]
[ 11, 115, 89 ] [ -18, -186, -146 ]
};
587 :
{
[ 4, 8, 6 ] [ -5, -13, -9 ]
[ -23, -77, -57 ] [ 39, 123, 91 ]
[ 31, 97, 71 ] [ -48, -156, -116 ]
};
588 :
{
[ 3, 5, 3 ] [ -6, -8, -4 ]
[ -28, -52, -32 ] [ 49, 85, 53 ]
[ 37, 67, 41 ] [ -61, -107, -67 ]
};
589 :
{
[ 2, 2, 0 ] [ -4, -4, 0 ]
[ -26, -28, -8 ] [ 38, 46, 14 ]
[ 30, 36, 10 ] [ -50, -58, -18 ]
};
591 :
{
[ -1, 1, -1 ] [ 1, -1, 1 ]
[ 1, -3, 3 ] [ 2, 6, -4 ]
[ 2, 4, -4 ] [ -1, -7, 5 ]
};
592 :
{
[ -2, 2, 0 ] [ 3, -3, -1 ]
[ 3, -5, 1 ] [ -9, 9, -1 ]
[ -5, 7, -1 ] [ 10, -10, 2 ]
};
593 :
{
[ -2, 4, 2 ] [ 4, -6, -4 ]
[ 8, -12, -6 ] [ -14, 18, 8 ]
[ -12, 14, 6 ] [ 16, -22, -10 ]
};
594 :
{
[ -2, 6, 4 ] [ 3, -9, -7 ]
[ 11, -19, -13 ] [ -13, 31, 21 ]
[ -11, 23, 15 ] [ 18, -38, -26 ]
};
595 :
{
[ -1, 7, 5 ] [ 1, -11, -9 ]
[ 5, -25, -19 ] [ -10, 42, 32 ]
[ -6, 32, 24 ] [ 13, -51, -39 ]
};
596 :
{
[ 1, 7, 5 ] [ -1, -11, -9 ]
[ -1, -29, -23 ] [ -2, 46, 36 ]
[ -2, 36, 28 ] [ 1, -57, -45 ]
};
597 :
{
[ 2, 6, 4 ] [ -3, -9, -7 ]
[ -3, -27, -21 ] [ 9, 43, 33 ]
[ 5, 33, 25 ] [ -10, -54, -42 ]
};
598 :
{
[ 2, 4, 2 ] [ -4, -6, -4 ]
[ -8, -20, -14 ] [ 14, 34, 24 ]
[ 12, 26, 18 ] [ -16, -42, -30 ]
};
599 :
{
[ 2, 2, 0 ] [ -3, -3, -1 ]
[ -11, -13, -7 ] [ 13, 21, 11 ]
[ 11, 17, 9 ] [ -18, -26, -14 ]
};
611 :
{
[ 4, -4, -2 ] [ -5, 7, 3 ]
[ 7, -11, -7 ] [ -11, 17, 9 ]
[ -9, 13, 7 ] [ 12, -20, -12 ]
};
612 :
{
[ 3, -7, -5 ] [ -6, 12, 8 ]
[ 8, -16, -12 ] [ -9, 27, 19 ]
[ -7, 19, 13 ] [ 11, -31, -23 ]
};
613 :
{
[ 2, -10, -8 ] [ -4, 16, 12 ]
[ 2, -20, -16 ] [ -6, 34, 26 ]
[ -2, 24, 18 ] [ 6, -38, -30 ]
};
614 :
{
[ 1, -11, -9 ] [ 0, 18, 14 ]
[ -2, -22, -18 ] [ 1, 35, 27 ]
[ 1, 25, 19 ] [ -3, -39, -31 ]
};
615 :
{
[ -2, -10, -8 ] [ 3, 17, 13 ]
[ -3, -19, -15 ] [ 9, 31, 23 ]
[ 5, 21, 15 ] [ -10, -34, -26 ]
};
616 :
{
[ -4, -8, -6 ] [ 5, 13, 9 ]
[ -7, -13, -9 ] [ 11, 23, 15 ]
[ 9, 15, 9 ] [ -12, -24, -16 ]
};
617 :
{
[ -3, -5, -3 ] [ 6, 8, 4 ]
[ -8, -8, -4 ] [ 9, 13, 5 ]
[ 7, 9, 3 ] [ -11, -13, -5 ]
};
618 :
{
[ -2, -2, 0 ] [ 4, 4, 0 ]
[ -2, -4, 0 ] [ 6, 6, -2 ]
[ 2, 4, -2 ] [ -6, -6, 2 ]
};
619 :
{
[ -1, -1, 1 ] [ 0, 2, -2 ]
[ 2, -2, 2 ] [ -1, 5, -3 ]
[ -1, 3, -3 ] [ 3, -5, 3 ]
};
621 :
{
[ 8, -8, -2 ] [ -11, 13, 3 ]
[ 21, -25, -7 ] [ -33, 39, 13 ]
[ -25, 29, 9 ] [ 40, -48, -16 ]
};
622 :
{
[ 9, -15, -9 ] [ -15, 25, 15 ]
[ 25, -45, -27 ] [ -40, 72, 46 ]
[ -28, 54, 34 ] [ 49, -87, -55 ]
};
623 :
{
[ 7, -23, -17 ] [ -13, 37, 27 ]
[ 19, -65, -47 ] [ -32, 104, 78 ]
[ -24, 78, 58 ] [ 37, -125, -93 ]
};
624 :
{
[ 4, -28, -22 ] [ -5, 45, 35 ]
[ 7, -77, -59 ] [ -11, 123, 97 ]
[ -9, 91, 71 ] [ 12, -148, -116 ]
};
625 :
{
[ -2, -28, -22 ] [ 4, 46, 36 ]
[ -8, -76, -58 ] [ 14, 122, 96 ]
[ 12, 90, 70 ] [ -16, -146, -114 ]
};
626 :
{
[ -8, -24, -18 ] [ 11, 39, 29 ]
[ -21, -63, -45 ] [ 33, 101, 75 ]
[ 25, 75, 55 ] [ -40, -120, -88 ]
};
627 :
{
[ -9, -17, -11 ] [ 15, 27, 17 ]
[ -25, -43, -25 ] [ 40, 68, 42 ]
[ 28, 50, 30 ] [ -49, -81, -49 ]
};
628 :
{
[ -7, -9, -3 ] [ 13, 15, 5 ]
[ -19, -23, -5 ] [ 32, 36, 10 ]
[ 24, 26, 6 ] [ -37, -43, -11 ]
};
629 :
{
[ -4, -4, 2 ] [ 5, 7, -3 ]
[ -7, -11, 7 ] [ 11, 17, -9 ]
[ 9, 13, -7 ] [ -12, -20, 12 ]
};
631 :
{
[ 11, -11, -1 ] [ -16, 18, 2 ]
[ 34, -38, -6 ] [ -57, 63, 11 ]
[ -43, 47, 9 ] [ 69, -77, -13 ]
};
632 :
{
[ 14, -22, -12 ] [ -24, 36, 20 ]
[ 46, -76, -44 ] [ -78, 122, 70 ]
[ -58, 92, 54 ] [ 94, -150, -86 ]
};
633 :
{
[ 13, -35, -25 ] [ -22, 56, 40 ]
[ 44, -116, -84 ] [ -67, 187, 135 ]
[ -51, 141, 103 ] [ 83, -229, -165 ]
};
634 :
{
[ 8, -44, -34 ] [ -11, 71, 55 ]
[ 21, -143, -111 ] [ -33, 233, 181 ]
[ -25, 175, 137 ] [ 40, -284, -220 ]
};
635 :
{
[ -2, -46, -36 ] [ 3, 75, 59 ]
[ -11, -149, -117 ] [ 13, 241, 189 ]
[ 11, 181, 143 ] [ -18, -294, -230 ]
};
636 :
{
[ -11, -41, -31 ] [ 16, 66, 50 ]
[ -34, -130, -98 ] [ 57, 209, 157 ]
[ 43, 157, 119 ] [ -69, -255, -191 ]
};
637 :
{
[ -14, -30, -20 ] [ 24, 48, 32 ]
[ -46, -92, -60 ] [ 78, 150, 98 ]
[ 58, 112, 74 ] [ -94, -182, -118 ]
};
638 :
{
[ -13, -17, -7 ] [ 22, 28, 12 ]
[ -44, -52, -20 ] [ 67, 85, 33 ]
[ 51, 63, 25 ] [ -83, -103, -39 ]
};
639 :
{
[ -8, -8, 2 ] [ 11, 13, -3 ]
[ -21, -25, 7 ] [ 33, 39, -13 ]
[ 25, 29, -9 ] [ -40, -48, 16 ]
};
641 :
{
[ 12, -12, 0 ] [ -18, 20, 0 ]
[ 44, -48, -4 ] [ -72, 78, 4 ]
[ -56, 60, 4 ] [ 88, -96, -6 ]
};
642 :
{
[ 17, -25, -13 ] [ -29, 41, 21 ]
[ 67, -97, -53 ] [ -106, 158, 84 ]
[ -82, 120, 64 ] [ 131, -195, -105 ]
};
643 :
{
[ 17, -41, -29 ] [ -28, 66, 46 ]
[ 62, -154, -110 ] [ -101, 251, 177 ]
[ -75, 191, 135 ] [ 125, -309, -219 ]
};
644 :
{
[ 11, -53, -41 ] [ -16, 86, 66 ]
[ 34, -198, -154 ] [ -57, 321, 247 ]
[ -43, 245, 189 ] [ 69, -395, -305 ]
};
645 :
{
[ -1, -57, -45 ] [ 1, 93, 73 ]
[ -5, -211, -167 ] [ 10, 342, 268 ]
[ 6, 260, 204 ] [ -13, -421, -331 ]
};
646 :
{
[ -12, -52, -40 ] [ 18, 84, 64 ]
[ -44, -188, -144 ] [ 72, 306, 232 ]
[ 56, 232, 176 ] [ -88, -376, -286 ]
};
647 :
{
[ -17, -39, -27 ] [ 29, 63, 43 ]
[ -67, -139, -95 ] [ 106, 226, 152 ]
[ 82, 172, 116 ] [ -131, -277, -187 ]
};
648 :
{
[ -17, -23, -11 ] [ 28, 38, 18 ]
[ -62, -82, -38 ] [ 101, 133, 59 ]
[ 75, 101, 45 ] [ -125, -163, -73 ]
};
649 :
{
[ -11, -11, 1 ] [ 16, 18, -2 ]
[ -34, -38, 6 ] [ 57, 63, -11 ]
[ 43, 47, -9 ] [ -69, -77, 13 ]
};
651 :
{
[ 11, -11, 1 ] [ -16, 18, -2 ]
[ 46, -50, 2 ] [ -73, 79, -3 ]
[ -57, 61, -3 ] [ 91, -99, 3 ]
};
652 :
{
[ 17, -23, -11 ] [ -28, 38, 18 ]
[ 74, -102, -50 ] [ -117, 165, 83 ]
[ -89, 127, 63 ] [ 147, -205, -103 ]
};
653 :
{
[ 17, -39, -27 ] [ -29, 63, 43 ]
[ 71, -167, -115 ] [ -118, 270, 188 ]
[ -90, 208, 144 ] [ 145, -335, -233 ]
};
654 :
{
[ 12, -52, -40 ] [ -18, 84, 64 ]
[ 44, -220, -168 ] [ -72, 354, 272 ]
[ -56, 272, 208 ] [ 88, -440, -338 ]
};
655 :
{
[ 1, -57, -45 ] [ -1, 93, 73 ]
[ 1, -239, -187 ] [ 2, 386, 304 ]
[ 2, 296, 232 ] [ -1, -479, -377 ]
};
656 :
{
[ -11, -53, -41 ] [ 16, 86, 66 ]
[ -46, -218, -166 ] [ 73, 353, 271 ]
[ 57, 271, 207 ] [ -91, -437, -335 ]
};
657 :
{
[ -17, -41, -29 ] [ 28, 66, 46 ]
[ -74, -166, -114 ] [ 117, 267, 185 ]
[ 89, 205, 141 ] [ -147, -331, -229 ]
};
658 :
{
[ -17, -25, -13 ] [ 29, 41, 21 ]
[ -71, -101, -49 ] [ 118, 162, 80 ]
[ 90, 124, 60 ] [ -145, -201, -99 ]
};
659 :
{
[ -12, -12, 0 ] [ 18, 20, 0 ]
[ -44, -48, 4 ] [ 72, 78, -4 ]
[ 56, 60, -4 ] [ -88, -96, 6 ]
};
661 :
{
[ 8, -8, 2 ] [ -11, 13, -3 ]
[ 37, -41, 7 ] [ -61, 67, -9 ]
[ -47, 51, -7 ] [ 76, -84, 12 ]
};
662 :
{
[ 13, -17, -7 ] [ -22, 28, 12 ]
[ 64, -88, -40 ] [ -107, 141, 65 ]
[ -81, 109, 51 ] [ 133, -177, -81 ]
};
663 :
{
[ 14, -30, -20 ] [ -24, 48, 32 ]
[ 70, -148, -100 ] [ -110, 238, 162 ]
[ -86, 184, 126 ] [ 138, -298, -202 ]
};
664 :
{
[ 11, -41, -31 ] [ -16, 66, 50 ]
[ 46, -198, -150 ] [ -73, 321, 245 ]
[ -57, 247, 189 ] [ 91, -401, -305 ]
};
665 :
{
[ 2, -46, -36 ] [ -3, 75, 59 ]
[ 3, -221, -173 ] [ -9, 357, 281 ]
[ -5, 275, 217 ] [ 10, -446, -350 ]
};
666 :
{
[ -8, -44, -34 ] [ 11, 71, 55 ]
[ -37, -207, -159 ] [ 61, 333, 257 ]
[ 47, 257, 199 ] [ -76, -416, -320 ]
};
667 :
{
[ -13, -35, -25 ] [ 22, 56, 40 ]
[ -64, -160, -112 ] [ 107, 259, 183 ]
[ 81, 199, 141 ] [ -133, -323, -227 ]
};
668 :
{
[ -14, -22, -12 ] [ 24, 36, 20 ]
[ -70, -100, -52 ] [ 110, 162, 86 ]
[ 86, 124, 66 ] [ -138, -202, -106 ]
};
669 :
{
[ -11, -11, -1 ] [ 16, 18, 2 ]
[ -46, -50, -2 ] [ 73, 79, 3 ]
[ 57, 61, 3 ] [ -91, -99, -3 ]
};
671 :
{
[ 4, -4, 2 ] [ -5, 7, -3 ]
[ 23, -27, 7 ] [ -39, 45, -13 ]
[ -31, 35, -9 ] [ 48, -56, 16 ]
};
672 :
{
[ 7, -9, -3 ] [ -13, 15, 5 ]
[ 47, -59, -25 ] [ -76, 96, 38 ]
[ -60, 74, 30 ] [ 95, -121, -49 ]
};
673 :
{
[ 9, -17, -11 ] [ -15, 27, 17 ]
[ 53, -103, -69 ] [ -84, 168, 110 ]
[ -64, 130, 86 ] [ 107, -211, -139 ]
};
674 :
{
[ 8, -24, -18 ] [ -11, 39, 29 ]
[ 37, -143, -109 ] [ -61, 233, 175 ]
[ -47, 181, 137 ] [ 76, -292, -220 ]
};
675 :
{
[ 2, -28, -22 ] [ -4, 46, 36 ]
[ 8, -164, -130 ] [ -14, 266, 208 ]
[ -12, 206, 162 ] [ 16, -334, -262 ]
};
676 :
{
[ -4, -28, -22 ] [ 5, 45, 35 ]
[ -23, -157, -123 ] [ 39, 255, 197 ]
[ 31, 197, 153 ] [ -48, -320, -248 ]
};
677 :
{
[ -7, -23, -17 ] [ 13, 37, 27 ]
[ -47, -125, -91 ] [ 76, 204, 146 ]
[ 60, 158, 114 ] [ -95, -255, -183 ]
};
678 :
{
[ -9, -15, -9 ] [ 15, 25, 15 ]
[ -53, -81, -47 ] [ 84, 132, 74 ]
[ 64, 102, 58 ] [ -107, -165, -93 ]
};
679 :
{
[ -8, -8, -2 ] [ 11, 13, 3 ]
[ -37, -41, -7 ] [ 61, 67, 9 ]
[ 47, 51, 7 ] [ -76, -84, -12 ]
};
681 :
{
[ 1, -1, 1 ] [ 0, 2, -2 ]
[ 10, -14, 6 ] [ -15, 21, -11 ]
[ -13, 17, -9 ] [ 19, -27, 13 ]
};
682 :
{
[ 2, -2, 0 ] [ -4, 4, 0 ]
[ 26, -28, -8 ] [ -38, 46, 14 ]
[ -30, 36, 10 ] [ 50, -58, -18 ]
};
683 :
{
[ 3, -5, -3 ] [ -6, 8, 4 ]
[ 28, -52, -32 ] [ -49, 85, 53 ]
[ -37, 67, 41 ] [ 61, -107, -67 ]
};
684 :
{
[ 4, -8, -6 ] [ -5, 13, 9 ]
[ 23, -77, -57 ] [ -39, 123, 91 ]
[ -31, 97, 71 ] [ 48, -156, -116 ]
};
685 :
{
[ 2, -10, -8 ] [ -3, 17, 13 ]
[ 11, -91, -71 ] [ -13, 147, 115 ]
[ -11, 115, 89 ] [ 18, -186, -146 ]
};
686 :
{
[ -1, -11, -9 ] [ 0, 18, 14 ]
[ -10, -90, -70 ] [ 15, 147, 115 ]
[ 13, 115, 89 ] [ -19, -185, -145 ]
};
687 :
{
[ -2, -10, -8 ] [ 4, 16, 12 ]
[ -26, -76, -56 ] [ 38, 122, 90 ]
[ 30, 96, 70 ] [ -50, -154, -114 ]
};
688 :
{
[ -3, -7, -5 ] [ 6, 12, 8 ]
[ -28, -52, -32 ] [ 49, 83, 51 ]
[ 37, 65, 39 ] [ -61, -105, -65 ]
};
689 :
{
[ -4, -4, -2 ] [ 5, 7, 3 ]
[ -23, -27, -7 ] [ 39, 45, 13 ]
[ 31, 35, 9 ] [ -48, -56, -16 ]
};
691 :
{
[ 0, 0, 0 ] [ 2, 0, 0 ]
[ 0, -4, 4 ] [ 0, 6, -4 ]
[ 0, 4, -4 ] [ 0, -8, 6 ]
};
692 :
{
[ -1, 1, 1 ] [ 1, -1, -1 ]
[ 5, -7, 1 ] [ -10, 10, 0 ]
[ -6, 8, 0 ] [ 13, -13, 1 ]
};
693 :
{
[ -1, 1, 1 ] [ 0, -2, -2 ]
[ 10, -14, -6 ] [ -15, 21, 11 ]
[ -13, 17, 9 ] [ 19, -27, -13 ]
};
694 :
{
[ 1, 1, 1 ] [ 0, -2, -2 ]
[ 10, -22, -14 ] [ -15, 35, 25 ]
[ -13, 27, 19 ] [ 19, -45, -31 ]
};
695 :
{
[ 1, 1, 1 ] [ -1, -1, -1 ]
[ 5, -29, -21 ] [ -10, 46, 36 ]
[ -6, 36, 28 ] [ 13, -59, -45 ]
};
696 :
{
[ 0, 0, 0 ] [ -2, 0, 0 ]
[ 0, -32, -24 ] [ 0, 50, 40 ]
[ 0, 40, 32 ] [ 0, -64, -50 ]
};
697 :
{
[ 1, -1, -1 ] [ -1, 1, 1 ]
[ -5, -29, -21 ] [ 10, 46, 36 ]
[ 6, 36, 28 ] [ -13, -59, -45 ]
};
698 :
{
[ 1, -1, -1 ] [ 0, 2, 2 ]
[ -10, -22, -14 ] [ 15, 35, 25 ]
[ 13, 27, 19 ] [ -19, -45, -31 ]
};
699 :
{
[ -1, -1, -1 ] [ 0, 2, 2 ]
[ -10, -14, -6 ] [ 15, 21, 11 ]
[ 13, 17, 9 ] [ -19, -27, -13 ]
};
711 :
{
[ 3, -5, -3 ] [ -6, 8, 4 ]
[ 4, -8, -4 ] [ -7, 11, 7 ]
[ -5, 7, 5 ] [ 5, -11, -7 ]
};
712 :
{
[ 4, -8, -6 ] [ -5, 13, 9 ]
[ 5, -11, -7 ] [ -5, 17, 13 ]
[ -3, 9, 7 ] [ 4, -16, -12 ]
};
713 :
{
[ 2, -10, -8 ] [ -3, 17, 13 ]
[ 1, -13, -9 ] [ -3, 21, 17 ]
[ 1, 11, 9 ] [ 2, -18, -14 ]
};
714 :
{
[ -1, -11, -9 ] [ 0, 18, 14 ]
[ -2, -14, -10 ] [ 1, 21, 17 ]
[ 1, 11, 9 ] [ -3, -17, -13 ]
};
715 :
{
[ -2, -10, -8 ] [ 4, 16, 12 ]
[ -2, -12, -8 ] [ 6, 18, 14 ]
[ 2, 8, 6 ] [ -6, -14, -10 ]
};
716 :
{
[ -3, -7, -5 ] [ 6, 12, 8 ]
[ -4, -8, -4 ] [ 7, 13, 9 ]
[ 5, 5, 3 ] [ -5, -9, -5 ]
};
717 :
{
[ -4, -4, -2 ] [ 5, 7, 3 ]
[ -5, -5, -1 ] [ 5, 7, 3 ]
[ 3, 3, 1 ] [ -4, -4, 0 ]
};
718 :
{
[ -2, -2, 0 ] [ 3, 3, -1 ]
[ -1, -3, 1 ] [ 3, 3, -1 ]
[ -1, 1, -1 ] [ -2, -2, 2 ]
};
719 :
{
[ 1, -1, 1 ] [ 0, 2, -2 ]
[ 2, -2, 2 ] [ -1, 3, -1 ]
[ -1, 1, -1 ] [ 3, -3, 1 ]
};
721 :
{
[ 9, -11, -3 ] [ -15, 17, 5 ]
[ 13, -17, -5 ] [ -24, 28, 10 ]
[ -16, 18, 6 ] [ 23, -29, -11 ]
};
722 :
{
[ 12, -20, -12 ] [ -18, 32, 20 ]
[ 16, -32, -20 ] [ -28, 50, 32 ]
[ -16, 32, 20 ] [ 28, -52, -34 ]
};
723 :
{
[ 9, -29, -21 ] [ -15, 47, 35 ]
[ 15, -45, -33 ] [ -20, 72, 54 ]
[ -12, 46, 34 ] [ 21, -73, -55 ]
};
724 :
{
[ 3, -35, -27 ] [ -6, 56, 44 ]
[ 4, -52, -40 ] [ -7, 85, 67 ]
[ -5, 53, 41 ] [ 5, -85, -67 ]
};
725 :
{
[ -3, -35, -27 ] [ 6, 56, 44 ]
[ -8, -52, -40 ] [ 9, 83, 65 ]
[ 7, 51, 39 ] [ -11, -83, -65 ]
};
726 :
{
[ -9, -29, -21 ] [ 15, 47, 35 ]
[ -13, -43, -31 ] [ 24, 68, 50 ]
[ 16, 42, 30 ] [ -23, -67, -49 ]
};
727 :
{
[ -12, -20, -12 ] [ 18, 32, 20 ]
[ -16, -28, -16 ] [ 28, 46, 28 ]
[ 16, 28, 16 ] [ -28, -44, -26 ]
};
728 :
{
[ -9, -11, -3 ] [ 15, 17, 5 ]
[ -15, -15, -3 ] [ 20, 24, 6 ]
[ 12, 14, 2 ] [ -21, -23, -5 ]
};
729 :
{
[ -3, -5, 3 ] [ 6, 8, -4 ]
[ -4, -8, 4 ] [ 7, 11, -7 ]
[ 5, 7, -5 ] [ -5, -11, 7 ]
};
731 :
{
[ 14, -16, -2 ] [ -24, 26, 4 ]
[ 24, -28, -6 ] [ -42, 46, 8 ]
[ -28, 30, 6 ] [ 44, -50, -10 ]
};
732 :
{
[ 20, -32, -18 ] [ -33, 51, 29 ]
[ 35, -55, -33 ] [ -55, 89, 51 ]
[ -35, 59, 35 ] [ 60, -96, -56 ]
};
733 :
{
[ 19, -49, -35 ] [ -29, 79, 57 ]
[ 31, -83, -61 ] [ -48, 136, 98 ]
[ -32, 90, 66 ] [ 51, -145, -105 ]
};
734 :
{
[ 9, -61, -47 ] [ -15, 99, 77 ]
[ 13, -103, -81 ] [ -24, 168, 130 ]
[ -16, 110, 86 ] [ 23, -179, -139 ]
};
735 :
{
[ -4, -64, -50 ] [ 5, 103, 81 ]
[ -7, -107, -85 ] [ 11, 173, 135 ]
[ 9, 113, 89 ] [ -12, -184, -144 ]
};
736 :
{
[ -14, -56, -42 ] [ 24, 90, 68 ]
[ -24, -92, -70 ] [ 42, 150, 112 ]
[ 28, 98, 74 ] [ -44, -158, -118 ]
};
737 :
{
[ -20, -40, -26 ] [ 33, 65, 43 ]
[ -35, -65, -43 ] [ 55, 107, 69 ]
[ 35, 69, 45 ] [ -60, -112, -72 ]
};
738 :
{
[ -19, -23, -9 ] [ 29, 37, 15 ]
[ -31, -37, -15 ] [ 48, 60, 22 ]
[ 32, 38, 14 ] [ -51, -63, -23 ]
};
739 :
{
[ -9, -11, 3 ] [ 15, 17, -5 ]
[ -13, -17, 5 ] [ 24, 28, -10 ]
[ 16, 18, -6 ] [ -23, -29, 11 ]
};
741 :
{
[ 17, -19, -1 ] [ -29, 31, 1 ]
[ 33, -37, -3 ] [ -54, 58, 4 ]
[ -38, 40, 4 ] [ 59, -65, -5 ]
};
742 :
{
[ 27, -39, -21 ] [ -43, 63, 33 ]
[ 51, -73, -39 ] [ -78, 118, 64 ]
[ -54, 80, 44 ] [ 87, -131, -71 ]
};
743 :
{
[ 26, -62, -44 ] [ -41, 101, 71 ]
[ 45, -115, -81 ] [ -75, 187, 133 ]
[ -49, 127, 91 ] [ 82, -206, -146 ]
};
744 :
{
[ 14, -80, -62 ] [ -24, 130, 100 ]
[ 24, -148, -114 ] [ -42, 238, 184 ]
[ -28, 162, 126 ] [ 44, -262, -202 ]
};
745 :
{
[ -2, -86, -68 ] [ 3, 139, 109 ]
[ -3, -157, -123 ] [ 9, 253, 199 ]
[ 5, 171, 135 ] [ -10, -278, -218 ]
};
746 :
{
[ -17, -77, -59 ] [ 29, 125, 95 ]
[ -33, -139, -105 ] [ 54, 226, 172 ]
[ 38, 152, 116 ] [ -59, -247, -187 ]
};
747 :
{
[ -27, -57, -39 ] [ 43, 93, 63 ]
[ -51, -103, -69 ] [ 78, 166, 112 ]
[ 54, 112, 76 ] [ -87, -181, -121 ]
};
748 :
{
[ -26, -34, -16 ] [ 41, 55, 25 ]
[ -45, -61, -27 ] [ 75, 97, 43 ]
[ 49, 65, 29 ] [ -82, -106, -46 ]
};
749 :
{
[ -14, -16, 2 ] [ 24, 26, -4 ]
[ -24, -28, 6 ] [ 42, 46, -8 ]
[ 28, 30, -6 ] [ -44, -50, 10 ]
};
751 :
{
[ 17, -19, 1 ] [ -28, 30, -2 ]
[ 34, -38, 2 ] [ -57, 61, -1 ]
[ -41, 43, -1 ] [ 63, -69, 1 ]
};
752 :
{
[ 29, -39, -19 ] [ -45, 63, 31 ]
[ 55, -79, -39 ] [ -90, 126, 64 ]
[ -62, 88, 44 ] [ 101, -143, -73 ]
};
753 :
{
[ 28, -64, -44 ] [ -46, 104, 72 ]
[ 56, -128, -88 ] [ -88, 206, 144 ]
[ -60, 144, 100 ] [ 100, -232, -162 ]
};
754 :
{
[ 17, -85, -65 ] [ -29, 137, 105 ]
[ 33, -167, -127 ] [ -54, 270, 208 ]
[ -38, 188, 144 ] [ 59, -303, -233 ]
};
755 :
{
[ 1, -93, -73 ] [ 0, 150, 118 ]
[ -2, -182, -142 ] [ 1, 293, 231 ]
[ 1, 203, 159 ] [ -3, -329, -259 ]
};
756 :
{
[ -17, -85, -65 ] [ 28, 138, 106 ]
[ -34, -166, -126 ] [ 57, 267, 205 ]
[ 41, 185, 141 ] [ -63, -299, -229 ]
};
757 :
{
[ -29, -65, -45 ] [ 45, 105, 73 ]
[ -55, -125, -85 ] [ 90, 202, 140 ]
[ 62, 140, 96 ] [ -101, -225, -155 ]
};
758 :
{
[ -28, -40, -20 ] [ 46, 64, 32 ]
[ -56, -76, -36 ] [ 88, 122, 60 ]
[ 60, 84, 40 ] [ -100, -136, -66 ]
};
759 :
{
[ -17, -19, 1 ] [ 29, 31, -1 ]
[ -33, -37, 3 ] [ 54, 58, -4 ]
[ 38, 40, -4 ] [ -59, -65, 5 ]
};
761 :
{
[ 13, -15, 3 ] [ -22, 24, -4 ]
[ 28, -32, 4 ] [ -49, 53, -7 ]
[ -35, 37, -5 ] [ 55, -61, 7 ]
};
762 :
{
[ 24, -32, -14 ] [ -39, 51, 23 ]
[ 51, -69, -33 ] [ -83, 111, 51 ]
[ -57, 79, 37 ] [ 96, -128, -60 ]
};
763 :
{
[ 26, -54, -36 ] [ -41, 87, 59 ]
[ 55, -115, -79 ] [ -85, 187, 127 ]
[ -61, 133, 91 ] [ 98, -214, -146 ]
};
764 :
{
[ 17, -73, -55 ] [ -28, 118, 90 ]
[ 34, -154, -118 ] [ -57, 251, 191 ]
[ -41, 177, 135 ] [ 63, -287, -219 ]
};
765 :
{
[ 2, -82, -64 ] [ -4, 132, 104 ]
[ 2, -172, -136 ] [ -6, 278, 218 ]
[ -2, 196, 154 ] [ 6, -318, -250 ]
};
766 :
{
[ -13, -77, -59 ] [ 22, 124, 96 ]
[ -28, -160, -124 ] [ 49, 259, 199 ]
[ 35, 183, 141 ] [ -55, -295, -227 ]
};
767 :
{
[ -24, -60, -42 ] [ 39, 97, 69 ]
[ -51, -123, -87 ] [ 83, 201, 141 ]
[ 57, 141, 99 ] [ -96, -228, -160 ]
};
768 :
{
[ -26, -38, -20 ] [ 41, 61, 33 ]
[ -55, -77, -41 ] [ 85, 125, 65 ]
[ 61, 87, 45 ] [ -98, -142, -74 ]
};
769 :
{
[ -17, -19, -1 ] [ 28, 30, 2 ]
[ -34, -38, -2 ] [ 57, 61, 1 ]
[ 41, 43, 1 ] [ -63, -69, -1 ]
};
771 :
{
[ 7, -9, 3 ] [ -13, 15, -5 ]
[ 19, -23, 5 ] [ -32, 36, -10 ]
[ -24, 26, -6 ] [ 37, -43, 11 ]
};
772 :
{
[ 16, -20, -8 ] [ -26, 32, 12 ]
[ 40, -48, -20 ] [ -60, 78, 32 ]
[ -44, 56, 24 ] [ 72, -92, -38 ]
};
773 :
{
[ 19, -35, -23 ] [ -29, 57, 37 ]
[ 41, -83, -55 ] [ -68, 136, 90 ]
[ -48, 98, 66 ] [ 79, -159, -105 ]
};
774 :
{
[ 13, -49, -37 ] [ -22, 80, 60 ]
[ 28, -116, -88 ] [ -49, 187, 141 ]
[ -35, 135, 103 ] [ 55, -219, -165 ]
};
775 :
{
[ 3, -57, -45 ] [ -6, 92, 72 ]
[ 8, -132, -104 ] [ -9, 213, 167 ]
[ -7, 153, 121 ] [ 11, -249, -195 ]
};
776 :
{
[ -7, -55, -43 ] [ 13, 89, 69 ]
[ -19, -125, -97 ] [ 32, 204, 158 ]
[ 24, 146, 114 ] [ -37, -237, -183 ]
};
777 :
{
[ -16, -44, -32 ] [ 26, 72, 52 ]
[ -40, -100, -72 ] [ 60, 162, 116 ]
[ 44, 116, 84 ] [ -72, -188, -134 ]
};
778 :
{
[ -19, -29, -17 ] [ 29, 47, 27 ]
[ -41, -65, -37 ] [ 68, 104, 58 ]
[ 48, 74, 42 ] [ -79, -121, -67 ]
};
779 :
{
[ -13, -15, -3 ] [ 22, 24, 4 ]
[ -28, -32, -4 ] [ 49, 53, 7 ]
[ 35, 37, 5 ] [ -55, -61, -7 ]
};
781 :
{
[ 2, -4, 2 ] [ -4, 6, -4 ]
[ 8, -12, 6 ] [ -14, 18, -8 ]
[ -12, 14, -6 ] [ 16, -22, 10 ]
};
782 :
{
[ 8, -8, -2 ] [ -11, 13, 3 ]
[ 21, -25, -7 ] [ -33, 39, 13 ]
[ -25, 29, 9 ] [ 40, -48, -16 ]
};
783 :
{
[ 9, -15, -9 ] [ -15, 25, 15 ]
[ 25, -45, -27 ] [ -40, 72, 46 ]
[ -28, 54, 34 ] [ 49, -87, -55 ]
};
784 :
{
[ 7, -23, -17 ] [ -13, 37, 27 ]
[ 19, -65, -47 ] [ -32, 104, 78 ]
[ -24, 78, 58 ] [ 37, -125, -93 ]
};
785 :
{
[ 4, -28, -22 ] [ -5, 45, 35 ]
[ 7, -77, -59 ] [ -11, 123, 97 ]
[ -9, 91, 71 ] [ 12, -148, -116 ]
};
786 :
{
[ -2, -28, -22 ] [ 4, 46, 36 ]
[ -8, -76, -58 ] [ 14, 122, 96 ]
[ 12, 90, 70 ] [ -16, -146, -114 ]
};
787 :
{
[ -8, -24, -18 ] [ 11, 39, 29 ]
[ -21, -63, -45 ] [ 33, 101, 75 ]
[ 25, 75, 55 ] [ -40, -120, -88 ]
};
788 :
{
[ -9, -17, -11 ] [ 15, 27, 17 ]
[ -25, -43, -25 ] [ 40, 68, 42 ]
[ 28, 50, 30 ] [ -49, -81, -49 ]
};
789 :
{
[ -7, -9, -3 ] [ 13, 15, 5 ]
[ -19, -23, -5 ] [ 32, 36, 10 ]
[ 24, 26, 6 ] [ -37, -43, -11 ]
};
791 :
{
[ -1, -1, 1 ] [ 1, 1, -1 ]
[ -1, -3, 3 ] [ -2, 6, -4 ]
[ -2, 4, -4 ] [ 1, -7, 5 ]
};
792 :
{
[ 1, -1, 1 ] [ -1, 1, -1 ]
[ 5, -7, -1 ] [ -10, 10, 0 ]
[ -6, 8, 0 ] [ 13, -13, -1 ]
};
793 :
{
[ 2, -2, 0 ] [ -3, 3, 1 ]
[ 11, -13, -7 ] [ -13, 21, 11 ]
[ -11, 17, 9 ] [ 18, -26, -14 ]
};
794 :
{
[ 2, -4, -2 ] [ -4, 6, 4 ]
[ 8, -20, -14 ] [ -14, 34, 24 ]
[ -12, 26, 18 ] [ 16, -42, -30 ]
};
795 :
{
[ 2, -6, -4 ] [ -3, 9, 7 ]
[ 3, -27, -21 ] [ -9, 43, 33 ]
[ -5, 33, 25 ] [ 10, -54, -42 ]
};
796 :
{
[ 1, -7, -5 ] [ -1, 11, 9 ]
[ 1, -29, -23 ] [ 2, 46, 36 ]
[ 2, 36, 28 ] [ -1, -57, -45 ]
};
797 :
{
[ -1, -7, -5 ] [ 1, 11, 9 ]
[ -5, -25, -19 ] [ 10, 42, 32 ]
[ 6, 32, 24 ] [ -13, -51, -39 ]
};
798 :
{
[ -2, -6, -4 ] [ 3, 9, 7 ]
[ -11, -19, -13 ] [ 13, 31, 21 ]
[ 11, 23, 15 ] [ -18, -38, -26 ]
};
799 :
{
[ -2, -4, -2 ] [ 4, 6, 4 ]
[ -8, -12, -6 ] [ 14, 18, 8 ]
[ 12, 14, 6 ] [ -16, -22, -10 ]
};
811 :
{
[ 2, -4, -2 ] [ -4, 6, 4 ]
[ 4, -4, -2 ] [ -2, 6, 4 ]
[ 0, 2, 2 ] [ 0, -2, -2 ]
};
812 :
{
[ 2, -6, -4 ] [ -3, 9, 7 ]
[ 1, -5, -3 ] [ -3, 9, 7 ]
[ -1, 1, 1 ] [ -2, -2, -2 ]
};
813 :
{
[ 1, -7, -5 ] [ -1, 11, 9 ]
[ -1, -7, -5 ] [ -2, 10, 8 ]
[ 2, 0, 0 ] [ -1, -1, -1 ]
};
814 :
{
[ -1, -7, -5 ] [ 1, 11, 9 ]
[ 1, -7, -5 ] [ 2, 10, 8 ]
[ 2, 0, 0 ] [ -1, 1, 1 ]
};
815 :
{
[ -2, -6, -4 ] [ 3, 9, 7 ]
[ -1, -5, -3 ] [ 3, 9, 7 ]
[ -1, -1, -1 ] [ -2, 2, 2 ]
};
816 :
{
[ -2, -4, -2 ] [ 4, 6, 4 ]
[ -4, -4, -2 ] [ 2, 6, 4 ]
[ 0, -2, -2 ] [ 0, 2, 2 ]
};
817 :
{
[ -2, -2, 0 ] [ 3, 3, 1 ]
[ -1, -3, -1 ] [ 3, 3, 1 ]
[ 1, -1, -1 ] [ 2, 2, 2 ]
};
818 :
{
[ -1, -1, 1 ] [ 1, 1, -1 ]
[ 1, -1, 1 ] [ 2, 2, 0 ]
[ -2, 0, 0 ] [ 1, 1, 1 ]
};
819 :
{
[ 1, -1, 1 ] [ -1, 1, -1 ]
[ -1, -1, 1 ] [ -2, 2, 0 ]
[ -2, 0, 0 ] [ 1, -1, -1 ]
};
821 :
{
[ 7, -9, -3 ] [ -13, 15, 5 ]
[ 9, -9, -3 ] [ -12, 16, 6 ]
[ -4, 6, 2 ] [ 7, -9, -5 ]
};
822 :
{
[ 9, -17, -11 ] [ -15, 27, 17 ]
[ 7, -17, -11 ] [ -16, 28, 18 ]
[ -4, 10, 6 ] [ 7, -15, -11 ]
};
823 :
{
[ 8, -24, -18 ] [ -11, 39, 29 ]
[ 7, -25, -19 ] [ -11, 39, 29 ]
[ -3, 13, 9 ] [ 4, -20, -16 ]
};
824 :
{
[ 2, -28, -22 ] [ -4, 46, 36 ]
[ 4, -28, -22 ] [ -2, 46, 36 ]
[ 0, 14, 10 ] [ 0, -22, -18 ]
};
825 :
{
[ -4, -28, -22 ] [ 5, 45, 35 ]
[ -5, -27, -21 ] [ 5, 45, 35 ]
[ 3, 13, 9 ] [ -4, -20, -16 ]
};
826 :
{
[ -7, -23, -17 ] [ 13, 37, 27 ]
[ -9, -23, -17 ] [ 12, 36, 26 ]
[ 4, 10, 6 ] [ -7, -15, -11 ]
};
827 :
{
[ -9, -15, -9 ] [ 15, 25, 15 ]
[ -7, -15, -9 ] [ 16, 24, 14 ]
[ 4, 6, 2 ] [ -7, -9, -5 ]
};
828 :
{
[ -8, -8, -2 ] [ 11, 13, 3 ]
[ -7, -7, -1 ] [ 11, 13, 3 ]
[ 3, 3, -1 ] [ -4, -4, 0 ]
};
829 :
{
[ -2, -4, 2 ] [ 4, 6, -4 ]
[ -4, -4, 2 ] [ 2, 6, -4 ]
[ 0, 2, -2 ] [ 0, -2, 2 ]
};
831 :
{
[ 13, -15, -3 ] [ -22, 24, 4 ]
[ 16, -16, -4 ] [ -23, 27, 5 ]
[ -9, 11, 3 ] [ 17, -19, -5 ]
};
832 :
{
[ 19, -29, -17 ] [ -29, 47, 27 ]
[ 19, -31, -19 ] [ -32, 52, 30 ]
[ -12, 22, 14 ] [ 21, -35, -21 ]
};
833 :
{
[ 16, -44, -32 ] [ -26, 72, 52 ]
[ 16, -48, -36 ] [ -28, 78, 56 ]
[ -12, 32, 24 ] [ 16, -52, -38 ]
};
834 :
{
[ 7, -55, -43 ] [ -13, 89, 69 ]
[ 9, -59, -47 ] [ -12, 96, 74 ]
[ -4, 38, 30 ] [ 7, -63, -49 ]
};
835 :
{
[ -3, -57, -45 ] [ 6, 92, 72 ]
[ -4, -60, -48 ] [ 7, 99, 77 ]
[ 5, 39, 31 ] [ -5, -63, -49 ]
};
836 :
{
[ -13, -49, -37 ] [ 22, 80, 60 ]
[ -16, -52, -40 ] [ 23, 85, 63 ]
[ 9, 33, 25 ] [ -17, -53, -39 ]
};
837 :
{
[ -19, -35, -23 ] [ 29, 57, 37 ]
[ -19, -37, -25 ] [ 32, 60, 38 ]
[ 12, 22, 14 ] [ -21, -37, -23 ]
};
838 :
{
[ -16, -20, -8 ] [ 26, 32, 12 ]
[ -16, -20, -8 ] [ 28, 34, 12 ]
[ 12, 12, 4 ] [ -16, -20, -6 ]
};
839 :
{
[ -7, -9, 3 ] [ 13, 15, -5 ]
[ -9, -9, 3 ] [ 12, 16, -6 ]
[ 4, 6, -2 ] [ -7, -9, 5 ]
};
841 :
{
[ 17, -19, -1 ] [ -28, 30, 2 ]
[ 22, -22, -2 ] [ -31, 35, 3 ]
[ -15, 17, 3 ] [ 25, -27, -3 ]
};
842 :
{
[ 26, -38, -20 ] [ -41, 61, 33 ]
[ 29, -43, -23 ] [ -47, 71, 39 ]
[ -23, 33, 19 ] [ 34, -54, -30 ]
};
843 :
{
[ 24, -60, -42 ] [ -39, 97, 69 ]
[ 25, -69, -49 ] [ -45, 111, 79 ]
[ -19, 51, 37 ] [ 32, -84, -60 ]
};
844 :
{
[ 13, -77, -59 ] [ -22, 124, 96 ]
[ 16, -88, -68 ] [ -23, 141, 109 ]
[ -9, 65, 51 ] [ 17, -105, -81 ]
};
845 :
{
[ -2, -82, -64 ] [ 4, 132, 104 ]
[ -2, -92, -72 ] [ 6, 150, 118 ]
[ 2, 68, 54 ] [ -6, -110, -86 ]
};
846 :
{
[ -17, -73, -55 ] [ 28, 118, 90 ]
[ -22, -82, -62 ] [ 31, 133, 101 ]
[ 15, 59, 45 ] [ -25, -97, -73 ]
};
847 :
{
[ -26, -54, -36 ] [ 41, 87, 59 ]
[ -29, -61, -41 ] [ 47, 97, 65 ]
[ 23, 43, 29 ] [ -34, -70, -46 ]
};
848 :
{
[ -24, -32, -14 ] [ 39, 51, 23 ]
[ -25, -35, -15 ] [ 45, 57, 25 ]
[ 19, 25, 11 ] [ -32, -40, -16 ]
};
849 :
{
[ -13, -15, 3 ] [ 22, 24, -4 ]
[ -16, -16, 4 ] [ 23, 27, -5 ]
[ 9, 11, -3 ] [ -17, -19, 5 ]
};
851 :
{
[ 17, -19, 1 ] [ -29, 31, -1 ]
[ 23, -23, 1 ] [ -34, 38, 0 ]
[ -18, 20, 0 ] [ 29, -31, -1 ]
};
852 :
{
[ 28, -40, -20 ] [ -46, 64, 32 ]
[ 32, -48, -24 ] [ -56, 78, 40 ]
[ -28, 40, 20 ] [ 44, -64, -34 ]
};
853 :
{
[ 29, -65, -45 ] [ -45, 105, 73 ]
[ 33, -79, -55 ] [ -54, 126, 88 ]
[ -26, 64, 44 ] [ 43, -103, -73 ]
};
854 :
{
[ 17, -85, -65 ] [ -28, 138, 106 ]
[ 22, -102, -78 ] [ -31, 165, 127 ]
[ -15, 83, 63 ] [ 25, -133, -103 ]
};
855 :
{
[ -1, -93, -73 ] [ 0, 150, 118 ]
[ -2, -110, -86 ] [ 1, 179, 141 ]
[ 1, 89, 69 ] [ -3, -143, -113 ]
};
856 :
{
[ -17, -85, -65 ] [ 29, 137, 105 ]
[ -23, -101, -77 ] [ 34, 162, 124 ]
[ 18, 80, 60 ] [ -29, -129, -99 ]
};
857 :
{
[ -28, -64, -44 ] [ 46, 104, 72 ]
[ -32, -76, -52 ] [ 56, 122, 84 ]
[ 28, 60, 40 ] [ -44, -96, -66 ]
};
858 :
{
[ -29, -39, -19 ] [ 45, 63, 31 ]
[ -33, -45, -21 ] [ 54, 74, 36 ]
[ 26, 36, 16 ] [ -43, -57, -27 ]
};
859 :
{
[ -17, -19, 1 ] [ 28, 30, -2 ]
[ -22, -22, 2 ] [ 31, 35, -3 ]
[ 15, 17, -3 ] [ -25, -27, 3 ]
};
861 :
{
[ 14, -16, 2 ] [ -24, 26, -4 ]
[ 20, -20, 2 ] [ -30, 34, -4 ]
[ -16, 18, -2 ] [ 28, -30, 2 ]
};
862 :
{
[ 26, -34, -16 ] [ -41, 55, 25 ]
[ 31, -43, -21 ] [ -53, 71, 33 ]
[ -27, 39, 19 ] [ 46, -62, -30 ]
};
863 :
{
[ 27, -57, -39 ] [ -43, 93, 63 ]
[ 33, -73, -51 ] [ -54, 118, 80 ]
[ -30, 64, 44 ] [ 45, -103, -71 ]
};
864 :
{
[ 17, -77, -59 ] [ -29, 125, 95 ]
[ 23, -97, -75 ] [ -34, 158, 120 ]
[ -18, 84, 64 ] [ 29, -137, -105 ]
};
865 :
{
[ 2, -86, -68 ] [ -3, 139, 109 ]
[ 1, -107, -85 ] [ -3, 175, 137 ]
[ 1, 93, 73 ] [ 2, -150, -118 ]
};
866 :
{
[ -14, -80, -62 ] [ 24, 130, 100 ]
[ -20, -100, -78 ] [ 30, 162, 124 ]
[ 16, 86, 66 ] [ -28, -138, -106 ]
};
867 :
{
[ -26, -62, -44 ] [ 41, 101, 71 ]
[ -31, -77, -55 ] [ 53, 125, 87 ]
[ 27, 65, 45 ] [ -46, -106, -74 ]
};
868 :
{
[ -27, -39, -21 ] [ 43, 63, 33 ]
[ -33, -47, -25 ] [ 54, 78, 40 ]
[ 30, 40, 20 ] [ -45, -65, -33 ]
};
869 :
{
[ -17, -19, -1 ] [ 29, 31, 1 ]
[ -23, -23, -1 ] [ 34, 38, 0 ]
[ 18, 20, 0 ] [ -29, -31, 1 ]
};
871 :
{
[ 9, -11, 3 ] [ -15, 17, -5 ]
[ 15, -15, 3 ] [ -20, 24, -6 ]
[ -12, 14, -2 ] [ 21, -23, 5 ]
};
872 :
{
[ 19, -23, -9 ] [ -29, 37, 15 ]
[ 25, -31, -13 ] [ -40, 52, 22 ]
[ -24, 30, 14 ] [ 37, -49, -21 ]
};
873 :
{
[ 20, -40, -26 ] [ -33, 65, 43 ]
[ 25, -55, -37 ] [ -45, 89, 59 ]
[ -25, 51, 35 ] [ 40, -84, -56 ]
};
874 :
{
[ 14, -56, -42 ] [ -24, 90, 68 ]
[ 20, -76, -58 ] [ -30, 122, 92 ]
[ -16, 70, 54 ] [ 28, -114, -86 ]
};
875 :
{
[ 4, -64, -50 ] [ -5, 103, 81 ]
[ 5, -85, -67 ] [ -5, 139, 109 ]
[ -3, 79, 63 ] [ 4, -128, -100 ]
};
876 :
{
[ -9, -61, -47 ] [ 15, 99, 77 ]
[ -15, -81, -63 ] [ 20, 132, 102 ]
[ 12, 74, 58 ] [ -21, -121, -93 ]
};
877 :
{
[ -19, -49, -35 ] [ 29, 79, 57 ]
[ -25, -65, -47 ] [ 40, 104, 74 ]
[ 24, 58, 42 ] [ -37, -95, -67 ]
};
878 :
{
[ -20, -32, -18 ] [ 33, 51, 29 ]
[ -25, -41, -23 ] [ 45, 67, 37 ]
[ 25, 37, 21 ] [ -40, -60, -32 ]
};
879 :
{
[ -14, -16, -2 ] [ 24, 26, 4 ]
[ -20, -20, -2 ] [ 30, 34, 4 ]
[ 16, 18, 2 ] [ -28, -30, -2 ]
};
881 :
{
[ 3, -5, 3 ] [ -6, 8, -4 ]
[ 8, -8, 4 ] [ -9, 13, -5 ]
[ -7, 9, -3 ] [ 11, -13, 5 ]
};
882 :
{
[ 9, -11, -3 ] [ -15, 17, 5 ]
[ 13, -17, -5 ] [ -24, 28, 10 ]
[ -16, 18, 6 ] [ 23, -29, -11 ]
};
883 :
{
[ 12, -20, -12 ] [ -18, 32, 20 ]
[ 16, -32, -20 ] [ -28, 50, 32 ]
[ -16, 32, 20 ] [ 28, -52, -34 ]
};
884 :
{
[ 9, -29, -21 ] [ -15, 47, 35 ]
[ 15, -45, -33 ] [ -20, 72, 54 ]
[ -12, 46, 34 ] [ 21, -73, -55 ]
};
885 :
{
[ 3, -35, -27 ] [ -6, 56, 44 ]
[ 4, -52, -40 ] [ -7, 85, 67 ]
[ -5, 53, 41 ] [ 5, -85, -67 ]
};
886 :
{
[ -3, -35, -27 ] [ 6, 56, 44 ]
[ -8, -52, -40 ] [ 9, 83, 65 ]
[ 7, 51, 39 ] [ -11, -83, -65 ]
};
887 :
{
[ -9, -29, -21 ] [ 15, 47, 35 ]
[ -13, -43, -31 ] [ 24, 68, 50 ]
[ 16, 42, 30 ] [ -23, -67, -49 ]
};
888 :
{
[ -12, -20, -12 ] [ 18, 32, 20 ]
[ -16, -28, -16 ] [ 28, 46, 28 ]
[ 16, 28, 16 ] [ -28, -44, -26 ]
};
889 :
{
[ -9, -11, -3 ] [ 15, 17, 5 ]
[ -15, -15, -3 ] [ 20, 24, 6 ]
[ 12, 14, 2 ] [ -21, -23, -5 ]
};
891 :
{
[ -1, -1, 1 ] [ 0, 2, -2 ]
[ 2, -2, 2 ] [ -1, 5, -3 ]
[ -1, 3, -3 ] [ 3, -5, 3 ]
};
892 :
{
[ 2, -2, 0 ] [ -3, 3, -1 ]
[ 3, -5, -1 ] [ -9, 9, 1 ]
[ -5, 7, 1 ] [ 10, -10, -2 ]
};
893 :
{
[ 4, -4, -2 ] [ -5, 7, 3 ]
[ 7, -11, -7 ] [ -11, 17, 9 ]
[ -9, 13, 7 ] [ 12, -20, -12 ]
};
894 :
{
[ 3, -7, -5 ] [ -6, 12, 8 ]
[ 8, -16, -12 ] [ -9, 27, 19 ]
[ -7, 19, 13 ] [ 11, -31, -23 ]
};
895 :
{
[ 2, -10, -8 ] [ -4, 16, 12 ]
[ 2, -20, -16 ] [ -6, 34, 26 ]
[ -2, 24, 18 ] [ 6, -38, -30 ]
};
896 :
{
[ 1, -11, -9 ] [ 0, 18, 14 ]
[ -2, -22, -18 ] [ 1, 35, 27 ]
[ 1, 25, 19 ] [ -3, -39, -31 ]
};
897 :
{
[ -2, -10, -8 ] [ 3, 17, 13 ]
[ -3, -19, -15 ] [ 9, 31, 23 ]
[ 5, 21, 15 ] [ -10, -34, -26 ]
};
898 :
{
[ -4, -8, -6 ] [ 5, 13, 9 ]
[ -7, -13, -9 ] [ 11, 23, 15 ]
[ 9, 15, 9 ] [ -12, -24, -16 ]
};
899 :
{
[ -3, -5, -3 ] [ 6, 8, 4 ]
[ -8, -8, -4 ] [ 9, 13, 5 ]
[ 7, 9, 3 ] [ -11, -13, -5 ]
};
911 :
{
[ 1, -1, -1 ] [ 0, 2, 2 ]
[ 2, -2, -2 ] [ -1, 3, 1 ]
[ 1, -1, -1 ] [ -3, 3, 1 ]
};
912 :
{
[ -1, -1, -1 ] [ 0, 2, 2 ]
[ 2, -2, -2 ] [ -1, 5, 3 ]
[ 1, -3, -3 ] [ -3, 5, 3 ]
};
913 :
{
[ -1, -1, -1 ] [ 1, 1, 1 ]
[ -1, -3, -3 ] [ -2, 6, 4 ]
[ 2, -4, -4 ] [ -1, 7, 5 ]
};
914 :
{
[ 0, 0, 0 ] [ 2, 0, 0 ]
[ 0, -4, -4 ] [ 0, 6, 4 ]
[ 0, -4, -4 ] [ 0, 8, 6 ]
};
915 :
{
[ -1, 1, 1 ] [ 1, -1, -1 ]
[ 1, -3, -3 ] [ 2, 6, 4 ]
[ -2, -4, -4 ] [ 1, 7, 5 ]
};
916 :
{
[ -1, 1, 1 ] [ 0, -2, -2 ]
[ -2, -2, -2 ] [ 1, 5, 3 ]
[ -1, -3, -3 ] [ 3, 5, 3 ]
};
917 :
{
[ 1, 1, 1 ] [ 0, -2, -2 ]
[ -2, -2, -2 ] [ 1, 3, 1 ]
[ -1, -1, -1 ] [ 3, 3, 1 ]
};
918 :
{
[ 1, 1, 1 ] [ -1, -1, -1 ]
[ 1, -1, -1 ] [ 2, 2, 0 ]
[ -2, 0, 0 ] [ 1, 1, -1 ]
};
919 :
{
[ 0, 0, 0 ] [ -2, 0, 0 ]
[ 0, 0, 0 ] [ 0, 2, 0 ]
[ 0, 0, 0 ] [ 0, 0, -2 ]
};
921 :
{
[ 4, -4, -2 ] [ -5, 7, 3 ]
[ 5, -5, -1 ] [ -5, 7, 3 ]
[ 3, -3, -1 ] [ -4, 4, 0 ]
};
922 :
{
[ 3, -7, -5 ] [ -6, 12, 8 ]
[ 4, -8, -4 ] [ -7, 13, 9 ]
[ 5, -5, -3 ] [ -5, 9, 5 ]
};
923 :
{
[ 2, -10, -8 ] [ -4, 16, 12 ]
[ 2, -12, -8 ] [ -6, 18, 14 ]
[ 2, -8, -6 ] [ -6, 14, 10 ]
};
924 :
{
[ 1, -11, -9 ] [ 0, 18, 14 ]
[ 2, -14, -10 ] [ -1, 21, 17 ]
[ 1, -11, -9 ] [ -3, 17, 13 ]
};
925 :
{
[ -2, -10, -8 ] [ 3, 17, 13 ]
[ -1, -13, -9 ] [ 3, 21, 17 ]
[ 1, -11, -9 ] [ 2, 18, 14 ]
};
926 :
{
[ -4, -8, -6 ] [ 5, 13, 9 ]
[ -5, -11, -7 ] [ 5, 17, 13 ]
[ -3, -9, -7 ] [ 4, 16, 12 ]
};
927 :
{
[ -3, -5, -3 ] [ 6, 8, 4 ]
[ -4, -8, -4 ] [ 7, 11, 7 ]
[ -5, -7, -5 ] [ 5, 11, 7 ]
};
928 :
{
[ -2, -2, 0 ] [ 4, 4, 0 ]
[ -2, -4, 0 ] [ 6, 6, 2 ]
[ -2, -4, -2 ] [ 6, 6, 2 ]
};
929 :
{
[ -1, -1, 1 ] [ 0, 2, -2 ]
[ -2, -2, 2 ] [ 1, 3, -1 ]
[ -1, -1, 1 ] [ 3, 3, -1 ]
};
931 :
{
[ 8, -8, -2 ] [ -11, 13, 3 ]
[ 7, -7, -1 ] [ -11, 13, 3 ]
[ 3, -3, 1 ] [ -4, 4, 0 ]
};
932 :
{
[ 9, -15, -9 ] [ -15, 25, 15 ]
[ 7, -15, -9 ] [ -16, 24, 14 ]
[ 4, -6, -2 ] [ -7, 9, 5 ]
};
933 :
{
[ 7, -23, -17 ] [ -13, 37, 27 ]
[ 9, -23, -17 ] [ -12, 36, 26 ]
[ 4, -10, -6 ] [ -7, 15, 11 ]
};
934 :
{
[ 4, -28, -22 ] [ -5, 45, 35 ]
[ 5, -27, -21 ] [ -5, 45, 35 ]
[ 3, -13, -9 ] [ -4, 20, 16 ]
};
935 :
{
[ -2, -28, -22 ] [ 4, 46, 36 ]
[ -4, -28, -22 ] [ 2, 46, 36 ]
[ 0, -14, -10 ] [ 0, 22, 18 ]
};
936 :
{
[ -8, -24, -18 ] [ 11, 39, 29 ]
[ -7, -25, -19 ] [ 11, 39, 29 ]
[ -3, -13, -9 ] [ 4, 20, 16 ]
};
937 :
{
[ -9, -17, -11 ] [ 15, 27, 17 ]
[ -7, -17, -11 ] [ 16, 28, 18 ]
[ -4, -10, -6 ] [ 7, 15, 11 ]
};
938 :
{
[ -7, -9, -3 ] [ 13, 15, 5 ]
[ -9, -9, -3 ] [ 12, 16, 6 ]
[ -4, -6, -2 ] [ 7, 9, 5 ]
};
939 :
{
[ -4, -4, 2 ] [ 5, 7, -3 ]
[ -5, -5, 1 ] [ 5, 7, -3 ]
[ -3, -3, 1 ] [ 4, 4, 0 ]
};
941 :
{
[ 11, -11, -1 ] [ -16, 18, 2 ]
[ 10, -10, -2 ] [ -15, 17, 1 ]
[ 1, -1, 1 ] [ -3, 3, -1 ]
};
942 :
{
[ 14, -22, -12 ] [ -24, 36, 20 ]
[ 14, -20, -12 ] [ -22, 34, 18 ]
[ 2, -4, -2 ] [ -6, 6, 2 ]
};
943 :
{
[ 13, -35, -25 ] [ -22, 56, 40 ]
[ 12, -32, -24 ] [ -21, 53, 37 ]
[ 5, -7, -5 ] [ -5, 11, 7 ]
};
944 :
{
[ 8, -44, -34 ] [ -11, 71, 55 ]
[ 7, -41, -33 ] [ -11, 67, 51 ]
[ 3, -9, -7 ] [ -4, 16, 12 ]
};
945 :
{
[ -2, -46, -36 ] [ 3, 75, 59 ]
[ -1, -43, -35 ] [ 3, 71, 55 ]
[ -1, -11, -9 ] [ -2, 18, 14 ]
};
946 :
{
[ -11, -41, -31 ] [ 16, 66, 50 ]
[ -10, -38, -30 ] [ 15, 63, 47 ]
[ -1, -11, -9 ] [ 3, 17, 13 ]
};
947 :
{
[ -14, -30, -20 ] [ 24, 48, 32 ]
[ -14, -28, -20 ] [ 22, 46, 30 ]
[ -2, -8, -6 ] [ 6, 14, 10 ]
};
948 :
{
[ -13, -17, -7 ] [ 22, 28, 12 ]
[ -12, -16, -8 ] [ 21, 27, 11 ]
[ -5, -5, -3 ] [ 5, 9, 5 ]
};
949 :
{
[ -8, -8, 2 ] [ 11, 13, -3 ]
[ -7, -7, 1 ] [ 11, 13, -3 ]
[ -3, -3, -1 ] [ 4, 4, 0 ]
};
951 :
{
[ 12, -12, 0 ] [ -18, 20, 0 ]
[ 12, -12, 0 ] [ -16, 18, 0 ]
[ 0, 0, 0 ] [ 0, 0, -2 ]
};
952 :
{
[ 17, -25, -13 ] [ -29, 41, 21 ]
[ 17, -23, -11 ] [ -26, 38, 20 ]
[ 2, 0, 0 ] [ -1, 1, -1 ]
};
953 :
{
[ 17, -41, -29 ] [ -28, 66, 46 ]
[ 14, -38, -26 ] [ -27, 61, 43 ]
[ 1, -1, -1 ] [ -3, 3, 1 ]
};
954 :
{
[ 11, -53, -41 ] [ -16, 86, 66 ]
[ 10, -50, -38 ] [ -15, 79, 61 ]
[ 1, -3, -3 ] [ -3, 5, 3 ]
};
955 :
{
[ -1, -57, -45 ] [ 1, 93, 73 ]
[ 1, -53, -41 ] [ 2, 86, 68 ]
[ 2, -4, -4 ] [ -1, 7, 5 ]
};
956 :
{
[ -12, -52, -40 ] [ 18, 84, 64 ]
[ -12, -48, -36 ] [ 16, 78, 60 ]
[ 0, -4, -4 ] [ 0, 8, 6 ]
};
957 :
{
[ -17, -39, -27 ] [ 29, 63, 43 ]
[ -17, -37, -25 ] [ 26, 58, 40 ]
[ -2, -4, -4 ] [ 1, 7, 5 ]
};
958 :
{
[ -17, -23, -11 ] [ 28, 38, 18 ]
[ -14, -22, -10 ] [ 27, 35, 17 ]
[ -1, -3, -3 ] [ 3, 5, 3 ]
};
959 :
{
[ -11, -11, 1 ] [ 16, 18, -2 ]
[ -10, -10, 2 ] [ 15, 17, -1 ]
[ -1, -1, -1 ] [ 3, 3, 1 ]
};
961 :
{
[ 11, -11, 1 ] [ -16, 18, -2 ]
[ 10, -10, 2 ] [ -15, 17, -1 ]
[ -1, 1, 1 ] [ 3, -3, -1 ]
};
962 :
{
[ 17, -23, -11 ] [ -28, 38, 18 ]
[ 14, -22, -10 ] [ -27, 35, 17 ]
[ -1, 3, 3 ] [ 3, -5, -3 ]
};
963 :
{
[ 17, -39, -27 ] [ -29, 63, 43 ]
[ 17, -37, -25 ] [ -26, 58, 40 ]
[ -2, 4, 4 ] [ 1, -7, -5 ]
};
964 :
{
[ 12, -52, -40 ] [ -18, 84, 64 ]
[ 12, -48, -36 ] [ -16, 78, 60 ]
[ 0, 4, 4 ] [ 0, -8, -6 ]
};
965 :
{
[ 1, -57, -45 ] [ -1, 93, 73 ]
[ -1, -53, -41 ] [ -2, 86, 68 ]
[ 2, 4, 4 ] [ -1, -7, -5 ]
};
966 :
{
[ -11, -53, -41 ] [ 16, 86, 66 ]
[ -10, -50, -38 ] [ 15, 79, 61 ]
[ 1, 3, 3 ] [ -3, -5, -3 ]
};
967 :
{
[ -17, -41, -29 ] [ 28, 66, 46 ]
[ -14, -38, -26 ] [ 27, 61, 43 ]
[ 1, 1, 1 ] [ -3, -3, -1 ]
};
968 :
{
[ -17, -25, -13 ] [ 29, 41, 21 ]
[ -17, -23, -11 ] [ 26, 38, 20 ]
[ 2, 0, 0 ] [ -1, -1, 1 ]
};
969 :
{
[ -12, -12, 0 ] [ 18, 20, 0 ]
[ -12, -12, 0 ] [ 16, 18, 0 ]
[ 0, 0, 0 ] [ 0, 0, 2 ]
};
971 :
{
[ 8, -8, 2 ] [ -11, 13, -3 ]
[ 7, -7, 1 ] [ -11, 13, -3 ]
[ -3, 3, 1 ] [ 4, -4, 0 ]
};
972 :
{
[ 13, -17, -7 ] [ -22, 28, 12 ]
[ 12, -16, -8 ] [ -21, 27, 11 ]
[ -5, 5, 3 ] [ 5, -9, -5 ]
};
973 :
{
[ 14, -30, -20 ] [ -24, 48, 32 ]
[ 14, -28, -20 ] [ -22, 46, 30 ]
[ -2, 8, 6 ] [ 6, -14, -10 ]
};
974 :
{
[ 11, -41, -31 ] [ -16, 66, 50 ]
[ 10, -38, -30 ] [ -15, 63, 47 ]
[ -1, 11, 9 ] [ 3, -17, -13 ]
};
975 :
{
[ 2, -46, -36 ] [ -3, 75, 59 ]
[ 1, -43, -35 ] [ -3, 71, 55 ]
[ -1, 11, 9 ] [ -2, -18, -14 ]
};
976 :
{
[ -8, -44, -34 ] [ 11, 71, 55 ]
[ -7, -41, -33 ] [ 11, 67, 51 ]
[ 3, 9, 7 ] [ -4, -16, -12 ]
};
977 :
{
[ -13, -35, -25 ] [ 22, 56, 40 ]
[ -12, -32, -24 ] [ 21, 53, 37 ]
[ 5, 7, 5 ] [ -5, -11, -7 ]
};
978 :
{
[ -14, -22, -12 ] [ 24, 36, 20 ]
[ -14, -20, -12 ] [ 22, 34, 18 ]
[ 2, 4, 2 ] [ -6, -6, -2 ]
};
979 :
{
[ -11, -11, -1 ] [ 16, 18, 2 ]
[ -10, -10, -2 ] [ 15, 17, 1 ]
[ 1, 1, -1 ] [ -3, -3, 1 ]
};
981 :
{
[ 4, -4, 2 ] [ -5, 7, -3 ]
[ 5, -5, 1 ] [ -5, 7, -3 ]
[ -3, 3, -1 ] [ 4, -4, 0 ]
};
982 :
{
[ 7, -9, -3 ] [ -13, 15, 5 ]
[ 9, -9, -3 ] [ -12, 16, 6 ]
[ -4, 6, 2 ] [ 7, -9, -5 ]
};
983 :
{
[ 9, -17, -11 ] [ -15, 27, 17 ]
[ 7, -17, -11 ] [ -16, 28, 18 ]
[ -4, 10, 6 ] [ 7, -15, -11 ]
};
984 :
{
[ 8, -24, -18 ] [ -11, 39, 29 ]
[ 7, -25, -19 ] [ -11, 39, 29 ]
[ -3, 13, 9 ] [ 4, -20, -16 ]
};
985 :
{
[ 2, -28, -22 ] [ -4, 46, 36 ]
[ 4, -28, -22 ] [ -2, 46, 36 ]
[ 0, 14, 10 ] [ 0, -22, -18 ]
};
986 :
{
[ -4, -28, -22 ] [ 5, 45, 35 ]
[ -5, -27, -21 ] [ 5, 45, 35 ]
[ 3, 13, 9 ] [ -4, -20, -16 ]
};
987 :
{
[ -7, -23, -17 ] [ 13, 37, 27 ]
[ -9, -23, -17 ] [ 12, 36, 26 ]
[ 4, 10, 6 ] [ -7, -15, -11 ]
};
988 :
{
[ -9, -15, -9 ] [ 15, 25, 15 ]
[ -7, -15, -9 ] [ 16, 24, 14 ]
[ 4, 6, 2 ] [ -7, -9, -5 ]
};
989 :
{
[ -8, -8, -2 ] [ 11, 13, 3 ]
[ -7, -7, -1 ] [ 11, 13, 3 ]
[ 3, 3, -1 ] [ -4, -4, 0 ]
};
991 :
{
[ 1, -1, 1 ] [ 0, 2, -2 ]
[ 2, -2, 2 ] [ -1, 3, -1 ]
[ -1, 1, -1 ] [ 3, -3, 1 ]
};
992 :
{
[ 2, -2, 0 ] [ -4, 4, 0 ]
[ 2, -4, 0 ] [ -6, 6, 2 ]
[ -2, 4, 2 ] [ 6, -6, -2 ]
};
993 :
{
[ 3, -5, -3 ] [ -6, 8, 4 ]
[ 4, -8, -4 ] [ -7, 11, 7 ]
[ -5, 7, 5 ] [ 5, -11, -7 ]
};
994 :
{
[ 4, -8, -6 ] [ -5, 13, 9 ]
[ 5, -11, -7 ] [ -5, 17, 13 ]
[ -3, 9, 7 ] [ 4, -16, -12 ]
};
995 :
{
[ 2, -10, -8 ] [ -3, 17, 13 ]
[ 1, -13, -9 ] [ -3, 21, 17 ]
[ 1, 11, 9 ] [ 2, -18, -14 ]
};
996 :
{
[ -1, -11, -9 ] [ 0, 18, 14 ]
[ -2, -14, -10 ] [ 1, 21, 17 ]
[ 1, 11, 9 ] [ -3, -17, -13 ]
};
997 :
{
[ -2, -10, -8 ] [ 4, 16, 12 ]
[ -2, -12, -8 ] [ 6, 18, 14 ]
[ 2, 8, 6 ] [ -6, -14, -10 ]
};
998 :
{
[ -3, -7, -5 ] [ 6, 12, 8 ]
[ -4, -8, -4 ] [ 7, 13, 9 ]
[ 5, 5, 3 ] [ -5, -9, -5 ]
};
999 :
{
[ -4, -4, -2 ] [ 5, 7, 3 ]
[ -5, -5, -1 ] [ 5, 7, 3 ]
[ 3, 3, 1 ] [ -4, -4, 0 ]
};